Date,entry_signal,exit_signal,max_combs,max_probs
2000-06-22,False,True,,
2000-06-23,False,True,,
2000-06-26,False,True,,
2000-06-27,False,True,,
2000-06-28,True,False,"(2, 1, 2, 2)",0.7141352438785766
2000-06-29,True,False,"(3, 1, 2, 2)",0.7027081477593878
2000-06-30,True,False,,
2000-07-03,True,False,,
2000-07-05,True,False,"(1, 1, 2, 2)",0.4493511181682936
2000-07-06,True,False,"(1, 1, 2, 2)",0.30651843583405314
2000-07-07,True,False,"(1, 1, 2, 2)",0.304761564752602
2000-07-10,True,False,"(2, 1, 2, 2)",0.28790551295348427
2000-07-11,False,True,"(3, 1, 2, 2)",0.3012554663834153
2000-07-12,True,False,"(4, 1, 2, 2)",0.526002486897723
2000-07-13,True,False,"(5, 1, 2, 2)",0.6755796776714462
2000-07-14,False,True,,
2000-07-17,False,True,,
2000-07-18,True,False,"(1, 1, 2, 2)",0.7154489261466584
2000-07-19,True,False,"(3, 1, 2, 2)",0.7071645473748719
2000-07-20,False,True,"(2, 1, 2, 2)",0.7071645473748719
2000-07-21,True,False,"(1, 1, 2, 2)",0.7234511586367757
2000-07-24,True,False,"(1, 1, 2, 2)",0.7178361870239244
2000-07-25,True,False,"(2, 1, 2, 2)",0.7228312276453248
2000-07-26,True,False,"(2, 1, 2, 2)",0.5028403553501418
2000-07-27,True,False,"(1, 1, 2, 2)",0.40126622553584046
2000-07-28,True,False,"(2, 1, 2, 2)",0.4852170444185592
2000-07-31,False,True,"(3, 1, 2, 2)",0.4651191814921788
2000-08-01,False,True,"(3, 1, 2, 2)",0.36067061504120185
2000-08-02,False,True,"(1, 1, 2, 2)",0.36342808558094974
2000-08-03,False,True,"(3, 1, 2, 2)",0.36329832000930123
2000-08-04,False,True,,
2000-08-07,False,True,,
2000-08-08,True,False,"(4, 1, 2, 2)",0.5373776396209212
2000-08-09,True,False,"(1, 1, 2, 2)",0.4576888832534926
2000-08-10,True,False,"(1, 1, 2, 2)",0.40237514560882653
2000-08-11,True,False,"(1, 1, 2, 2)",0.2942386305618974
2000-08-14,True,False,"(1, 1, 2, 2)",0.28128561103935606
2000-08-15,True,False,"(4, 1, 2, 2)",0.28128561103935606
2000-08-16,False,True,"(2, 1, 2, 2)",0.28128561103935606
2000-08-17,False,True,"(1, 1, 2, 2)",0.25681895095330975
2000-08-18,False,True,,
2000-08-21,False,True,,
2000-08-22,False,True,,
2000-08-23,False,True,,
2000-08-24,False,True,,
2000-08-25,False,True,,
2000-08-28,False,True,,
2000-08-29,False,True,,
2000-08-30,False,True,,
2000-08-31,True,False,"(1, 1, 2, 2)",0.635288885198217
2000-09-01,True,False,"(2, 1, 2, 2)",0.663436763313116
2000-09-05,True,False,"(2, 1, 2, 2)",0.6705465797157355
2000-09-06,True,False,"(1, 1, 2, 2)",0.65117067259905
2000-09-07,True,False,"(2, 1, 2, 2)",0.6586678653012223
2000-09-08,True,False,"(2, 1, 2, 2)",0.4137943520175404
2000-09-11,True,False,"(1, 1, 2, 2)",0.4333156653303424
2000-09-12,True,False,"(1, 1, 2, 2)",0.2560301626000008
2000-09-13,True,False,"(2, 1, 2, 2)",0.43202861412609084
2000-09-14,False,True,"(3, 1, 2, 2)",0.3800830869080058
2000-09-15,False,True,"(3, 1, 2, 2)",0.3544070876000944
2000-09-18,False,True,,
2000-09-19,False,True,"(5, 1, 2, 2)",0.44190519968441105
2000-09-20,False,True,,
2000-09-21,False,True,,
2000-09-22,False,True,,
2000-09-25,False,True,,
2000-09-26,False,True,,
2000-09-27,False,True,"(1, 1, 2, 2)",0.2431592864140234
2000-09-28,False,True,"(1, 1, 2, 2)",0.2429982311461134
2000-09-29,False,True,"(2, 1, 2, 2)",0.21791568811435783
2000-10-02,False,True,"(5, 1, 2, 2)",0.25407691134250926
2000-10-03,False,True,,
2000-10-04,False,True,,
2000-10-05,False,True,"(5, 1, 2, 2)",0.3554674047413911
2000-10-06,False,True,,
2000-10-09,False,True,,
2000-10-10,False,True,,
2000-10-11,False,True,,
2000-10-12,False,True,,
2000-10-13,False,True,,
2000-10-16,False,True,"(1, 1, 2, 2)",0.25267541074713357
2000-10-17,False,True,,
2000-10-18,False,True,,
2000-10-19,False,True,,
2000-10-20,False,True,"(2, 1, 2, 2)",0.39750628037028185
2000-10-23,False,True,,
2000-10-24,False,True,,
2000-10-25,False,True,,
2000-10-26,False,True,,
2000-10-27,False,True,"(1, 1, 2, 2)",0.45411919522746547
2000-10-30,False,True,"(1, 1, 2, 2)",0.4867355012679972
2000-10-31,False,True,"(2, 1, 2, 2)",0.47141115012354035
2000-11-01,False,True,"(2, 1, 2, 2)",0.4187306469787673
2000-11-02,False,True,"(1, 1, 2, 2)",0.4101714247340822
2000-11-03,False,True,"(2, 1, 2, 2)",0.4053112364284151
2000-11-06,False,True,"(2, 1, 2, 2)",0.48544850583362564
2000-11-07,True,False,"(1, 1, 2, 2)",0.5007968491389314
2000-11-08,True,False,"(1, 1, 2, 2)",0.3800830869080058
2000-11-09,True,False,"(4, 1, 2, 2)",0.48617183054578766
2000-11-10,False,True,,
2000-11-13,True,False,"(3, 1, 2, 2)",0.6498032684697989
2000-11-14,False,True,"(1, 1, 2, 2)",0.45663833052128133
2000-11-15,True,False,"(1, 1, 2, 2)",0.5836339491598415
2000-11-16,True,False,"(1, 1, 2, 2)",0.5007968491389314
2000-11-17,True,False,"(3, 1, 2, 2)",0.4671011044231137
2000-11-20,False,True,"(5, 1, 2, 2)",0.4890089360632381
2000-11-21,True,False,"(3, 1, 2, 2)",0.5110744522874496
2000-11-22,True,False,,
2000-11-24,False,True,,
2000-11-27,False,True,,
2000-11-28,True,False,"(1, 1, 2, 2)",0.6827267251438611
2000-11-29,True,False,"(1, 1, 2, 2)",0.6927412123268047
2000-11-30,True,False,"(1, 1, 2, 2)",0.7282074366294341
2000-12-01,True,False,"(1, 1, 2, 2)",0.7282074366294341
2000-12-04,True,False,"(1, 1, 2, 2)",0.7282074366294341
2000-12-05,True,False,"(2, 1, 2, 2)",0.7107934549144636
2000-12-06,True,False,"(2, 1, 2, 2)",0.5819589820950204
2000-12-07,True,False,"(2, 1, 2, 2)",0.625584605813842
2000-12-08,True,False,"(2, 1, 2, 2)",0.5661532736061339
2000-12-11,True,False,"(1, 1, 2, 2)",0.50389323824247
2000-12-12,True,False,"(1, 1, 2, 2)",0.4642415634149264
2000-12-13,True,False,"(2, 1, 2, 2)",0.3812709290461355
2000-12-14,False,True,"(4, 1, 2, 2)",0.5499417792040441
2000-12-15,True,False,"(3, 1, 2, 2)",0.5780179713053981
2000-12-18,False,True,"(1, 1, 2, 2)",0.3102565694735032
2000-12-19,False,True,"(1, 1, 2, 2)",0.35437147102483174
2000-12-20,True,False,"(3, 1, 2, 2)",0.6218051798710333
2000-12-21,False,True,"(2, 1, 2, 2)",0.5279036668255833
2000-12-22,True,False,"(5, 1, 2, 2)",0.6498420907698711
2000-12-26,False,True,,
2000-12-27,False,True,"(5, 1, 2, 2)",0.40785674995531485
2000-12-28,False,True,"(1, 1, 2, 2)",0.29295505590186083
2000-12-29,False,True,"(2, 1, 2, 2)",0.378379989675935
2001-01-02,False,True,"(4, 1, 2, 2)",0.4666235634478754
2001-01-03,False,True,"(3, 1, 2, 2)",0.3375021906416372
2001-01-04,False,True,"(2, 1, 2, 2)",0.2928414720075558
2001-01-05,False,True,,
2001-01-08,False,True,,
2001-01-09,False,True,,
2001-01-10,False,True,,
2001-01-11,True,False,"(2, 1, 2, 2)",0.6512077289793828
2001-01-12,True,False,"(1, 1, 2, 2)",0.632984494163988
2001-01-16,True,False,"(1, 1, 2, 2)",0.632984494163988
2001-01-17,True,False,"(1, 1, 2, 2)",0.48908870685718075
2001-01-18,True,False,"(2, 1, 2, 2)",0.6147193089498248
2001-01-19,True,False,"(2, 1, 2, 2)",0.5424731813793003
2001-01-22,True,False,"(2, 1, 2, 2)",0.6037186341067745
2001-01-23,True,False,"(2, 1, 2, 2)",0.43934253497260994
2001-01-24,True,False,"(1, 1, 2, 2)",0.3493558470067352
2001-01-25,True,False,"(1, 1, 2, 2)",0.3375021906416372
2001-01-26,True,False,"(2, 1, 2, 2)",0.3375021906416372
2001-01-29,True,False,"(2, 1, 2, 2)",0.3375021906416372
2001-01-30,True,False,"(1, 1, 2, 2)",0.3375021906416372
2001-01-31,True,False,"(5, 1, 2, 2)",0.3375021906416372
2001-02-01,False,True,"(2, 1, 2, 2)",0.3375021906416372
2001-02-02,False,True,,
2001-02-05,False,True,"(4, 1, 2, 2)",0.2890986097286515
2001-02-06,False,True,,
2001-02-07,False,True,,
2001-02-08,False,True,,
2001-02-09,False,True,,
2001-02-12,False,True,,
2001-02-13,False,True,,
2001-02-14,False,True,"(1, 1, 2, 2)",0.41441554033931416
2001-02-15,False,True,"(1, 1, 2, 2)",0.40237514560882653
2001-02-16,False,True,"(2, 1, 2, 2)",0.41441554033931416
2001-02-20,False,True,"(3, 1, 2, 2)",0.41441554033931416
2001-02-21,False,True,,
2001-02-22,False,True,,
2001-02-23,False,True,,
2001-02-26,True,False,"(1, 1, 2, 2)",0.632426972910888
2001-02-27,True,False,"(1, 1, 2, 2)",0.5460749425000214
2001-02-28,True,False,"(1, 1, 2, 2)",0.5399518985870152
2001-03-01,True,False,"(1, 1, 2, 2)",0.43420805763921755
2001-03-02,True,False,"(1, 1, 2, 2)",0.3839593209483008
2001-03-05,True,False,"(2, 1, 2, 2)",0.42096527490837393
2001-03-06,False,True,"(3, 1, 2, 2)",0.4234623825954992
2001-03-07,False,True,"(3, 1, 2, 2)",0.2458016510258992
2001-03-08,False,True,"(1, 1, 2, 2)",0.2452010917839298
2001-03-09,False,True,"(3, 1, 2, 2)",0.3102565694735032
2001-03-12,False,True,,
2001-03-13,False,True,"(3, 1, 2, 2)",0.35209276395680067
2001-03-14,False,True,,
2001-03-15,False,True,,
2001-03-16,False,True,,
2001-03-19,False,True,,
2001-03-20,False,True,"(1, 1, 2, 2)",0.28128561103935606
2001-03-21,False,True,,
2001-03-22,False,True,,
2001-03-23,True,False,"(3, 1, 2, 2)",0.6340496412194407
2001-03-26,False,True,"(1, 1, 2, 2)",0.3953983470128315
2001-03-27,False,True,"(2, 1, 2, 2)",0.4373766808057067
2001-03-28,False,True,"(3, 1, 2, 2)",0.4671011044231137
2001-03-29,False,True,"(3, 1, 2, 2)",0.38205118143886635
2001-03-30,False,True,"(1, 1, 2, 2)",0.30651843583405314
2001-04-02,False,True,"(1, 1, 2, 2)",0.3375021906416372
2001-04-03,False,True,"(4, 1, 2, 2)",0.4671011044231137
2001-04-04,False,True,,
2001-04-05,False,True,"(3, 1, 2, 2)",0.3375021906416372
2001-04-06,False,True,"(2, 1, 2, 2)",0.4394888709728848
2001-04-09,False,True,"(2, 1, 2, 2)",0.4394888709728848
2001-04-10,False,True,"(1, 1, 2, 2)",0.4290300998007451
2001-04-11,False,True,,
2001-04-12,False,True,,
2001-04-16,False,True,,
2001-04-17,True,False,"(1, 1, 2, 2)",0.6498032684697989
2001-04-18,True,False,"(1, 1, 2, 2)",0.6031321091417907
2001-04-19,True,False,"(1, 1, 2, 2)",0.5201499524611924
2001-04-20,True,False,"(2, 1, 2, 2)",0.5513435511862098
2001-04-23,False,True,"(4, 1, 2, 2)",0.6657196517917313
2001-04-24,True,False,"(3, 1, 2, 2)",0.6762365451421692
2001-04-25,True,False,"(1, 1, 2, 2)",0.6762365451421692
2001-04-26,True,False,"(1, 1, 2, 2)",0.5128769537172275
2001-04-27,True,False,"(1, 1, 2, 2)",0.41044301712526005
2001-04-30,True,False,"(2, 1, 2, 2)",0.4228266513395699
2001-05-01,False,True,"(2, 1, 2, 2)",0.3907971444435687
2001-05-02,False,True,"(4, 1, 2, 2)",0.3544070876000944
2001-05-03,False,True,"(4, 1, 2, 2)",0.36076869615289653
2001-05-04,False,True,,
2001-05-07,False,True,,
2001-05-08,False,True,,
2001-05-09,False,True,,
2001-05-10,True,False,"(1, 1, 2, 2)",0.6709817117270502
2001-05-11,True,False,"(2, 1, 2, 2)",0.6709817117270502
2001-05-14,False,True,,
2001-05-15,False,True,,
2001-05-16,True,False,"(1, 1, 2, 2)",0.7031793586815279
2001-05-17,True,False,"(1, 1, 2, 2)",0.6627206964005249
2001-05-18,True,False,"(1, 1, 2, 2)",0.5146804585385887
2001-05-21,True,False,"(1, 1, 2, 2)",0.5333158247583463
2001-05-22,True,False,"(1, 1, 2, 2)",0.47110387071733706
2001-05-23,True,False,"(1, 1, 2, 2)",0.4234623825954992
2001-05-24,True,False,"(1, 1, 2, 2)",0.4166959515473475
2001-05-25,True,False,"(2, 1, 2, 2)",0.3763952745380142
2001-05-29,False,True,"(4, 1, 2, 2)",0.5331654520819048
2001-05-30,False,True,,
2001-05-31,True,False,"(4, 1, 2, 2)",0.6583756722372384
2001-06-01,True,False,"(1, 1, 2, 2)",0.6709817117270502
2001-06-04,True,False,"(1, 1, 2, 2)",0.6801664948000136
2001-06-05,True,False,"(1, 1, 2, 2)",0.613331572261814
2001-06-06,True,False,"(1, 1, 2, 2)",0.6174855473394428
2001-06-07,True,False,"(1, 1, 2, 2)",0.6174855473394428
2001-06-08,True,False,"(3, 1, 2, 2)",0.6762365451421692
2001-06-11,True,False,"(2, 1, 2, 2)",0.6208648532528969
2001-06-12,True,False,"(1, 1, 2, 2)",0.49340264639168036
2001-06-13,True,False,"(1, 1, 2, 2)",0.49779004915621805
2001-06-14,True,False,"(3, 1, 2, 2)",0.5628234135120161
2001-06-15,False,True,"(4, 1, 2, 2)",0.6762365451421692
2001-06-18,True,False,"(3, 1, 2, 2)",0.6267777672718945
2001-06-19,True,False,"(2, 1, 2, 2)",0.6725218737581655
2001-06-20,True,False,"(2, 1, 2, 2)",0.6174855473394428
2001-06-21,True,False,"(1, 1, 2, 2)",0.49779004915621805
2001-06-22,True,False,"(3, 1, 2, 2)",0.5198977790441597
2001-06-25,False,True,"(4, 1, 2, 2)",0.6641904028304976
2001-06-26,False,True,"(3, 1, 2, 2)",0.49340264639168036
2001-06-27,False,True,"(2, 1, 2, 2)",0.4999731492752897
2001-06-28,False,True,"(2, 1, 2, 2)",0.3375021906416372
2001-06-29,False,True,"(1, 1, 2, 2)",0.3375021906416372
2001-07-02,False,True,"(1, 1, 2, 2)",0.3102565694735032
2001-07-03,False,True,"(1, 1, 2, 2)",0.3071798058627248
2001-07-05,False,True,"(3, 1, 2, 2)",0.3375021906416372
2001-07-06,False,True,"(4, 1, 2, 2)",0.3375021906416372
2001-07-09,False,True,,
2001-07-10,True,False,"(4, 1, 2, 2)",0.6132551802366666
2001-07-11,False,True,,
2001-07-12,False,True,,
2001-07-13,False,True,"(1, 1, 2, 2)",0.46718056881521586
2001-07-16,False,True,"(2, 1, 2, 2)",0.4519297893175464
2001-07-17,False,True,"(2, 1, 2, 2)",0.35209276395680067
2001-07-18,False,True,"(1, 1, 2, 2)",0.28128561103935606
2001-07-19,False,True,"(2, 1, 2, 2)",0.2928414720075558
2001-07-20,False,True,,
2001-07-23,False,True,,
2001-07-24,False,True,,
2001-07-25,False,True,,
2001-07-26,False,True,,
2001-07-27,True,False,"(1, 1, 2, 2)",0.6147193089498248
2001-07-30,True,False,,
2001-07-31,False,True,"(2, 1, 2, 2)",0.6546112251444203
2001-08-01,True,False,"(1, 1, 2, 2)",0.6512077289793828
2001-08-02,True,False,"(1, 1, 2, 2)",0.6871840645914109
2001-08-03,True,False,"(1, 1, 2, 2)",0.7178361870239244
2001-08-06,True,False,"(1, 1, 2, 2)",0.7178361870239244
2001-08-07,True,False,"(1, 1, 2, 2)",0.7107934549144636
2001-08-08,True,False,"(1, 1, 2, 2)",0.7282074366294341
2001-08-09,True,False,"(1, 1, 2, 2)",0.7178361870239244
2001-08-10,True,False,"(1, 1, 2, 2)",0.6652845078205476
2001-08-13,True,False,"(1, 1, 2, 2)",0.6933729250646374
2001-08-14,True,False,"(1, 1, 2, 2)",0.6575176749814667
2001-08-15,True,False,"(1, 1, 2, 2)",0.5456914374900216
2001-08-16,True,False,"(1, 1, 2, 2)",0.4514144986980208
2001-08-17,True,False,"(1, 1, 2, 2)",0.43141981524302964
2001-08-20,True,False,"(1, 1, 2, 2)",0.3800830869080058
2001-08-21,True,False,"(1, 1, 2, 2)",0.28604716391707513
2001-08-22,True,False,"(2, 1, 2, 2)",0.2429982311461134
2001-08-23,False,True,"(3, 1, 2, 2)",0.2429982311461134
2001-08-24,False,True,,
2001-08-27,False,True,"(4, 1, 2, 2)",0.2429982311461134
2001-08-28,False,True,"(5, 1, 2, 2)",0.21791568811435783
2001-08-29,False,True,,
2001-08-30,False,True,,
2001-08-31,False,True,,
2001-09-04,False,True,,
2001-09-05,False,True,,
2001-09-06,False,True,,
2001-09-07,False,True,,
2001-09-10,False,True,,
2001-09-17,False,True,,
2001-09-18,False,True,,
2001-09-19,False,True,,
2001-09-20,False,True,,
2001-09-21,False,True,,
2001-09-24,False,True,,
2001-09-25,True,False,"(1, 1, 2, 2)",0.5849563770275903
2001-09-26,True,False,"(1, 1, 2, 2)",0.42178960371866336
2001-09-27,True,False,"(1, 1, 2, 2)",0.40580417168776123
2001-09-28,True,False,"(1, 1, 2, 2)",0.24006488539453635
2001-10-01,True,False,"(4, 1, 2, 2)",0.42857797484540056
2001-10-02,False,True,"(5, 1, 2, 2)",0.4205383735729819
2001-10-03,False,True,,
2001-10-04,True,False,"(4, 1, 2, 2)",0.5405941280722152
2001-10-05,True,False,"(5, 1, 2, 2)",0.5673465892365301
2001-10-08,False,True,,
2001-10-09,False,True,,
2001-10-10,False,True,"(1, 1, 2, 2)",0.28128561103935606
2001-10-11,False,True,"(1, 1, 2, 2)",0.21791568811435783
2001-10-12,False,True,"(1, 1, 2, 2)",0.21791568811435783
2001-10-15,False,True,"(1, 1, 2, 2)",0.21791568811435783
2001-10-16,False,True,"(4, 1, 2, 2)",0.21791568811435783
2001-10-17,False,True,,
2001-10-18,False,True,,
2001-10-19,False,True,,
2001-10-22,False,True,,
2001-10-23,False,True,,
2001-10-24,False,True,,
2001-10-25,False,True,,
2001-10-26,False,True,,
2001-10-29,False,True,,
2001-10-30,True,False,"(2, 1, 2, 2)",0.6618479372567785
2001-10-31,True,False,"(2, 1, 2, 2)",0.652251064168399
2001-11-01,True,False,"(1, 1, 2, 2)",0.46148956737535335
2001-11-02,True,False,"(2, 1, 2, 2)",0.692525201526203
2001-11-05,False,True,"(2, 1, 2, 2)",0.6812503108110338
2001-11-06,True,False,"(1, 1, 2, 2)",0.5068545138063834
2001-11-07,True,False,"(2, 1, 2, 2)",0.5388842432921365
2001-11-08,False,True,"(3, 1, 2, 2)",0.632072776853666
2001-11-09,True,False,"(4, 1, 2, 2)",0.7005962414646303
2001-11-12,True,False,"(4, 1, 2, 2)",0.7107934549144636
2001-11-13,True,False,"(1, 1, 2, 2)",0.7178361870239244
2001-11-14,True,False,"(1, 1, 2, 2)",0.5164646620326778
2001-11-15,True,False,"(1, 1, 2, 2)",0.5531548375929322
2001-11-16,True,False,"(1, 1, 2, 2)",0.5031250686151633
2001-11-19,True,False,"(2, 1, 2, 2)",0.5181440559923978
2001-11-20,False,True,"(3, 1, 2, 2)",0.533848386567782
2001-11-21,True,False,"(4, 1, 2, 2)",0.5423406101187792
2001-11-23,True,False,"(4, 1, 2, 2)",0.6306152159770774
2001-11-26,True,False,"(1, 1, 2, 2)",0.634012749298471
2001-11-27,True,False,"(3, 1, 2, 2)",0.6741632604174516
2001-11-28,True,False,"(2, 1, 2, 2)",0.6350931701893179
2001-11-29,True,False,"(1, 1, 2, 2)",0.599517681349551
2001-11-30,True,False,"(1, 1, 2, 2)",0.5959021502569277
2001-12-03,True,False,"(2, 1, 2, 2)",0.5867147144474948
2001-12-04,True,False,"(2, 1, 2, 2)",0.3544070876000944
2001-12-05,True,False,"(1, 1, 2, 2)",0.3853406198402149
2001-12-06,True,False,"(1, 1, 2, 2)",0.3701467130023287
2001-12-07,True,False,"(1, 1, 2, 2)",0.2452010917839298
2001-12-10,True,False,"(4, 1, 2, 2)",0.3544070876000944
2001-12-11,False,True,"(2, 1, 2, 2)",0.3544070876000944
2001-12-12,False,True,,
2001-12-13,False,True,,
2001-12-14,True,False,"(5, 1, 2, 2)",0.667109892338418
2001-12-17,True,False,"(1, 1, 2, 2)",0.5296174489492093
2001-12-18,True,False,"(2, 1, 2, 2)",0.6147193089498248
2001-12-19,False,True,"(3, 1, 2, 2)",0.6147193089498248
2001-12-20,True,False,"(4, 1, 2, 2)",0.6516287886165674
2001-12-21,True,False,"(4, 1, 2, 2)",0.6498032684697989
2001-12-24,False,True,"(1, 1, 2, 2)",0.4773077283223664
2001-12-26,True,False,"(1, 1, 2, 2)",0.5263686831270284
2001-12-27,True,False,"(1, 1, 2, 2)",0.5324865773556299
2001-12-28,True,False,"(1, 1, 2, 2)",0.34925899918126146
2001-12-31,True,False,"(3, 1, 2, 2)",0.4671011044231137
2002-01-02,True,False,"(2, 1, 2, 2)",0.34925899918126146
2002-01-03,True,False,"(1, 1, 2, 2)",0.3375021906416372
2002-01-04,True,False,"(2, 1, 2, 2)",0.3493558470067352
2002-01-07,False,True,"(3, 1, 2, 2)",0.38743540635757484
2002-01-08,False,True,"(5, 1, 2, 2)",0.4451830918463439
2002-01-09,False,True,,
2002-01-10,False,True,,
2002-01-11,False,True,,
2002-01-14,False,True,,
2002-01-15,False,True,"(2, 1, 2, 2)",0.3877005518214368
2002-01-16,False,True,"(3, 1, 2, 2)",0.42200211556852213
2002-01-17,False,True,"(3, 1, 2, 2)",0.3877005518214368
2002-01-18,False,True,"(5, 1, 2, 2)",0.42430976340563314
2002-01-22,False,True,"(2, 1, 2, 2)",0.35209276395680067
2002-01-23,False,True,,
2002-01-24,False,True,,
2002-01-25,False,True,"(5, 1, 2, 2)",0.43587346691197665
2002-01-28,False,True,"(1, 1, 2, 2)",0.42430976340563314
2002-01-29,False,True,,
2002-01-30,False,True,"(2, 1, 2, 2)",0.4773077283223664
2002-01-31,False,True,"(2, 1, 2, 2)",0.46637825934813204
2002-02-01,False,True,"(2, 1, 2, 2)",0.4337477347369324
2002-02-04,False,True,"(2, 1, 2, 2)",0.4187306469787673
2002-02-05,False,True,"(3, 1, 2, 2)",0.477228084207708
2002-02-06,False,True,,
2002-02-07,True,False,"(4, 1, 2, 2)",0.6603798504100077
2002-02-08,False,True,,
2002-02-11,False,True,,
2002-02-12,True,False,"(2, 1, 2, 2)",0.6518382766727941
2002-02-13,False,True,"(2, 1, 2, 2)",0.6496287913871711
2002-02-14,True,False,"(1, 1, 2, 2)",0.6627206964005249
2002-02-15,True,False,"(1, 1, 2, 2)",0.6575176749814667
2002-02-19,True,False,"(2, 1, 2, 2)",0.6807960109460636
2002-02-20,True,False,"(2, 1, 2, 2)",0.7030213058363667
2002-02-21,True,False,"(5, 1, 2, 2)",0.6693399808752446
2002-02-22,True,False,"(4, 1, 2, 2)",0.6891159116047776
2002-02-25,True,False,"(1, 1, 2, 2)",0.712622008119133
2002-02-26,True,False,"(1, 1, 2, 2)",0.6838408827887962
2002-02-27,True,False,"(3, 1, 2, 2)",0.6848557791161307
2002-02-28,False,True,"(4, 1, 2, 2)",0.6848557791161307
2002-03-01,True,False,"(3, 1, 2, 2)",0.7003443828045107
2002-03-04,True,False,"(1, 1, 2, 2)",0.5574092440878311
2002-03-05,True,False,"(1, 1, 2, 2)",0.38910901263493497
2002-03-06,True,False,"(1, 1, 2, 2)",0.3654763949510479
2002-03-07,True,False,"(1, 1, 2, 2)",0.36824944438808677
2002-03-08,True,False,"(1, 1, 2, 2)",0.41623732252330703
2002-03-11,True,False,"(5, 1, 2, 2)",0.6709817117270502
2002-03-12,False,True,,
2002-03-13,True,False,"(3, 1, 2, 2)",0.6709817117270502
2002-03-14,True,False,"(1, 1, 2, 2)",0.6709817117270502
2002-03-15,True,False,"(1, 1, 2, 2)",0.5195174728636709
2002-03-18,True,False,"(2, 1, 2, 2)",0.5542670242011567
2002-03-19,True,False,"(2, 1, 2, 2)",0.5107839431892904
2002-03-20,True,False,"(2, 1, 2, 2)",0.5350573881243229
2002-03-21,True,False,"(2, 1, 2, 2)",0.5527510639048145
2002-03-22,True,False,"(1, 1, 2, 2)",0.6001872375296327
2002-03-25,True,False,"(5, 1, 2, 2)",0.6601327524068894
2002-03-26,False,True,"(2, 1, 2, 2)",0.6848557791161307
2002-03-27,True,False,"(1, 1, 2, 2)",0.6568141021971758
2002-03-28,True,False,"(2, 1, 2, 2)",0.6848557791161307
2002-04-01,False,True,"(2, 1, 2, 2)",0.6848557791161307
2002-04-02,True,False,"(1, 1, 2, 2)",0.6848557791161307
2002-04-03,True,False,"(2, 1, 2, 2)",0.6848557791161307
2002-04-04,True,False,"(2, 1, 2, 2)",0.7031793586815279
2002-04-05,True,False,"(1, 1, 2, 2)",0.6202670297894786
2002-04-08,True,False,"(1, 1, 2, 2)",0.36780082956766114
2002-04-09,True,False,"(1, 1, 2, 2)",0.2884915531028768
2002-04-10,True,False,"(1, 1, 2, 2)",0.346834015799377
2002-04-11,True,False,"(2, 1, 2, 2)",0.2936391489182873
2002-04-12,True,False,"(2, 1, 2, 2)",0.35049109713089643
2002-04-15,True,False,"(2, 1, 2, 2)",0.2430150328327126
2002-04-16,False,True,,
2002-04-17,False,True,,
2002-04-18,False,True,"(4, 1, 2, 2)",0.3554674047413911
2002-04-19,False,True,,
2002-04-22,False,True,,
2002-04-23,False,True,,
2002-04-24,False,True,,
2002-04-25,True,False,"(1, 1, 2, 2)",0.6481842120043166
2002-04-26,True,False,"(2, 1, 2, 2)",0.6289006601665221
2002-04-29,False,True,,
2002-04-30,False,True,,
2002-05-01,False,True,"(1, 1, 2, 2)",0.28128561103935606
2002-05-02,False,True,"(1, 1, 2, 2)",0.2429982311461134
2002-05-03,False,True,"(2, 1, 2, 2)",0.2435951362642223
2002-05-06,False,True,"(3, 1, 2, 2)",0.29609176787516256
2002-05-07,False,True,"(5, 1, 2, 2)",0.28128561103935606
2002-05-08,False,True,,
2002-05-09,False,True,,
2002-05-10,False,True,,
2002-05-13,False,True,,
2002-05-14,True,False,"(1, 1, 2, 2)",0.6119183949438405
2002-05-15,True,False,"(1, 1, 2, 2)",0.48908870685718075
2002-05-16,True,False,"(2, 1, 2, 2)",0.631548172589847
2002-05-17,True,False,"(2, 1, 2, 2)",0.4793282123849612
2002-05-20,True,False,"(5, 1, 2, 2)",0.6582563392872586
2002-05-21,False,True,,
2002-05-22,False,True,,
2002-05-23,True,False,"(4, 1, 2, 2)",0.5538015843275803
2002-05-24,True,False,"(1, 1, 2, 2)",0.5842886744388406
2002-05-28,True,False,"(1, 1, 2, 2)",0.49150330691824035
2002-05-29,True,False,"(1, 1, 2, 2)",0.42772997191262313
2002-05-30,True,False,"(2, 1, 2, 2)",0.36067043828871354
2002-05-31,False,True,"(2, 1, 2, 2)",0.3544070876000944
2002-06-03,False,True,"(3, 1, 2, 2)",0.3544070876000944
2002-06-04,False,True,"(4, 1, 2, 2)",0.3544070876000944
2002-06-05,False,True,"(1, 1, 2, 2)",0.3544070876000944
2002-06-06,False,True,,
2002-06-07,False,True,,
2002-06-10,False,True,"(3, 1, 2, 2)",0.2975738887721046
2002-06-11,False,True,"(1, 1, 2, 2)",0.28128561103935606
2002-06-12,False,True,"(2, 1, 2, 2)",0.2928414720075558
2002-06-13,False,True,"(2, 1, 2, 2)",0.2928414720075558
2002-06-14,True,False,"(5, 1, 2, 2)",0.6516014271006295
2002-06-17,True,False,"(4, 1, 2, 2)",0.6498032684697989
2002-06-18,True,False,"(2, 1, 2, 2)",0.6498032684697989
2002-06-19,False,True,"(2, 1, 2, 2)",0.631548172589847
2002-06-20,False,True,"(1, 1, 2, 2)",0.46718056881521586
2002-06-21,False,True,"(1, 1, 2, 2)",0.28128561103935606
2002-06-24,False,True,"(2, 1, 2, 2)",0.28128561103935606
2002-06-25,False,True,"(2, 1, 2, 2)",0.21791568811435783
2002-06-26,False,True,"(2, 1, 2, 2)",0.21791568811435783
2002-06-27,False,True,"(2, 1, 2, 2)",0.21791568811435783
2002-06-28,False,True,"(1, 1, 2, 2)",0.23629407514462455
2002-07-01,False,True,"(5, 1, 2, 2)",0.21791568811435783
2002-07-02,False,True,,
2002-07-03,False,True,,
2002-07-05,False,True,"(4, 1, 2, 2)",0.21791568811435783
2002-07-08,False,True,,
2002-07-09,False,True,,
2002-07-10,False,True,,
2002-07-11,False,True,,
2002-07-12,False,True,,
2002-07-15,False,True,,
2002-07-16,False,True,,
2002-07-17,False,True,"(1, 1, 2, 2)",0.2928414720075558
2002-07-18,False,True,,
2002-07-19,False,True,,
2002-07-22,False,True,,
2002-07-23,False,True,,
2002-07-24,False,True,,
2002-07-25,True,False,"(1, 1, 2, 2)",0.6089961354097165
2002-07-26,True,False,"(1, 1, 2, 2)",0.5848950313052889
2002-07-29,True,False,"(1, 1, 2, 2)",0.24006488539453635
2002-07-30,True,False,"(1, 1, 2, 2)",0.24006488539453635
2002-07-31,True,False,"(1, 1, 2, 2)",0.27847251274003937
2002-08-01,True,False,"(3, 1, 2, 2)",0.30786529020895004
2002-08-02,False,True,"(5, 1, 2, 2)",0.46187486846870235
2002-08-05,False,True,,
2002-08-06,True,False,"(4, 1, 2, 2)",0.6649078592033345
2002-08-07,False,True,"(1, 1, 2, 2)",0.42836469693684504
2002-08-08,False,True,"(1, 1, 2, 2)",0.4802531971269711
2002-08-09,True,False,"(3, 1, 2, 2)",0.6633589144630628
2002-08-12,False,True,"(2, 1, 2, 2)",0.574319712498439
2002-08-13,True,False,"(3, 1, 2, 2)",0.6647370594435514
2002-08-14,True,False,"(4, 1, 2, 2)",0.6533521996744373
2002-08-15,True,False,"(1, 1, 2, 2)",0.6594741012831918
2002-08-16,True,False,"(1, 1, 2, 2)",0.45218302102358565
2002-08-19,True,False,"(2, 1, 2, 2)",0.5121235566667146
2002-08-20,False,True,"(3, 1, 2, 2)",0.6281476574918029
2002-08-21,True,False,"(3, 1, 2, 2)",0.5867147144474948
2002-08-22,True,False,"(1, 1, 2, 2)",0.5850526641163029
2002-08-23,True,False,"(2, 1, 2, 2)",0.5510000046897857
2002-08-26,True,False,"(2, 1, 2, 2)",0.5007968491389314
2002-08-27,True,False,"(1, 1, 2, 2)",0.3664270661666375
2002-08-28,True,False,"(1, 1, 2, 2)",0.3102565694735032
2002-08-29,True,False,"(2, 1, 2, 2)",0.3544070876000944
2002-08-30,True,False,"(2, 1, 2, 2)",0.2836743587258008
2002-09-03,True,False,"(5, 1, 2, 2)",0.3085512396488479
2002-09-04,False,True,"(4, 1, 2, 2)",0.296635496591881
2002-09-05,False,True,,
2002-09-06,False,True,,
2002-09-09,False,True,"(1, 1, 2, 2)",0.28128561103935606
2002-09-10,False,True,,
2002-09-11,False,True,"(2, 1, 2, 2)",0.21791568811435783
2002-09-12,False,True,,
2002-09-13,False,True,,
2002-09-16,False,True,,
2002-09-17,False,True,,
2002-09-18,False,True,,
2002-09-19,False,True,,
2002-09-20,False,True,,
2002-09-23,False,True,,
2002-09-24,False,True,,
2002-09-25,False,True,,
2002-09-26,False,True,,
2002-09-27,False,True,"(2, 1, 2, 2)",0.21791568811435783
2002-09-30,False,True,,
2002-10-01,False,True,,
2002-10-02,False,True,,
2002-10-03,False,True,,
2002-10-04,False,True,,
2002-10-07,False,True,,
2002-10-08,False,True,,
2002-10-09,False,True,,
2002-10-10,False,True,,
2002-10-11,False,True,"(1, 1, 2, 2)",0.4978710713186403
2002-10-14,True,False,"(2, 1, 2, 2)",0.595666957834816
2002-10-15,True,False,"(2, 1, 2, 2)",0.45793151191823644
2002-10-16,True,False,"(2, 1, 2, 2)",0.38554209622521785
2002-10-17,True,False,"(2, 1, 2, 2)",0.4250451104797877
2002-10-18,True,False,"(1, 1, 2, 2)",0.45459020469226524
2002-10-21,True,False,"(3, 1, 2, 2)",0.336524114455448
2002-10-22,False,True,,
2002-10-23,True,False,"(3, 1, 2, 2)",0.629402220724545
2002-10-24,True,False,"(1, 1, 2, 2)",0.604464385190025
2002-10-25,True,False,"(1, 1, 2, 2)",0.5044869838493792
2002-10-28,True,False,"(2, 1, 2, 2)",0.6382131098113394
2002-10-29,False,True,"(3, 1, 2, 2)",0.6465388845365738
2002-10-30,True,False,"(4, 1, 2, 2)",0.6473432009655862
2002-10-31,True,False,"(4, 1, 2, 2)",0.6547499894076352
2002-11-01,True,False,"(1, 1, 2, 2)",0.5492716249443736
2002-11-04,True,False,"(1, 1, 2, 2)",0.3907971444435687
2002-11-05,True,False,"(1, 1, 2, 2)",0.3907971444435687
2002-11-06,True,False,"(1, 1, 2, 2)",0.3764289983388951
2002-11-07,True,False,"(2, 1, 2, 2)",0.3907971444435687
2002-11-08,False,True,"(5, 1, 2, 2)",0.49749394551446935
2002-11-11,False,True,,
2002-11-12,True,False,"(4, 1, 2, 2)",0.6354037422815061
2002-11-13,True,False,,
2002-11-14,True,False,"(2, 1, 2, 2)",0.5842915869698077
2002-11-15,True,False,"(1, 1, 2, 2)",0.6152459647744613
2002-11-18,True,False,"(3, 1, 2, 2)",0.6672769018833217
2002-11-19,False,True,"(2, 1, 2, 2)",0.6387440967885202
2002-11-20,True,False,"(1, 1, 2, 2)",0.6171069163294086
2002-11-21,True,False,"(1, 1, 2, 2)",0.6152459647744613
2002-11-22,True,False,"(1, 1, 2, 2)",0.6152459647744613
2002-11-25,True,False,"(1, 1, 2, 2)",0.6180336587044024
2002-11-26,True,False,"(3, 1, 2, 2)",0.5503091023141451
2002-11-27,True,False,"(2, 1, 2, 2)",0.3544070876000944
2002-11-29,True,False,"(1, 1, 2, 2)",0.3544070876000944
2002-12-02,True,False,"(1, 1, 2, 2)",0.3544070876000944
2002-12-03,True,False,"(1, 1, 2, 2)",0.3102565694735032
2002-12-04,True,False,"(5, 1, 2, 2)",0.3046941022349141
2002-12-05,False,True,"(2, 1, 2, 2)",0.28128561103935606
2002-12-06,False,True,"(1, 1, 2, 2)",0.28128561103935606
2002-12-09,False,True,"(1, 1, 2, 2)",0.28128561103935606
2002-12-10,False,True,"(5, 1, 2, 2)",0.28128561103935606
2002-12-11,False,True,,
2002-12-12,False,True,"(3, 1, 2, 2)",0.28128561103935606
2002-12-13,False,True,,
2002-12-16,True,False,"(2, 1, 2, 2)",0.6132551802366666
2002-12-17,True,False,,
2002-12-18,False,True,,
2002-12-19,False,True,,
2002-12-20,True,False,"(4, 1, 2, 2)",0.6119183949438405
2002-12-23,True,False,"(2, 1, 2, 2)",0.6136048571984288
2002-12-24,True,False,"(2, 1, 2, 2)",0.4816880940034338
2002-12-26,True,False,"(2, 1, 2, 2)",0.5095183185512763
2002-12-27,False,True,"(3, 1, 2, 2)",0.4991659819741313
2002-12-30,True,False,"(3, 1, 2, 2)",0.515423591813925
2002-12-31,True,False,"(1, 1, 2, 2)",0.3375021906416372
2003-01-02,True,False,"(2, 1, 2, 2)",0.3626414168727726
2003-01-03,True,False,"(2, 1, 2, 2)",0.24684144771738167
2003-01-06,True,False,"(1, 1, 2, 2)",0.24006488539453635
2003-01-07,True,False,"(3, 1, 2, 2)",0.2429982311461134
2003-01-08,False,True,,
2003-01-09,False,True,"(3, 1, 2, 2)",0.26554674971365255
2003-01-10,False,True,,
2003-01-13,False,True,,
2003-01-14,False,True,,
2003-01-15,False,True,,
2003-01-16,False,True,,
2003-01-17,False,True,,
2003-01-21,False,True,,
2003-01-22,False,True,,
2003-01-23,False,True,"(1, 1, 2, 2)",0.3825642542825725
2003-01-24,False,True,,
2003-01-27,False,True,,
2003-01-28,True,False,"(3, 1, 2, 2)",0.5767442033938245
2003-01-29,False,True,"(1, 1, 2, 2)",0.4035093907521279
2003-01-30,False,True,"(2, 1, 2, 2)",0.4888971891134608
2003-01-31,False,True,"(2, 1, 2, 2)",0.3017048691235719
2003-02-03,False,True,"(1, 1, 2, 2)",0.3215172969371674
2003-02-04,False,True,"(3, 1, 2, 2)",0.38205118143886635
2003-02-05,False,True,"(2, 1, 2, 2)",0.30415994272634744
2003-02-06,False,True,"(2, 1, 2, 2)",0.3800830869080058
2003-02-07,False,True,,
2003-02-10,False,True,"(3, 1, 2, 2)",0.4053112364284151
2003-02-11,False,True,,
2003-02-12,False,True,,
2003-02-13,False,True,,
2003-02-14,False,True,,
2003-02-18,False,True,,
2003-02-19,True,False,"(1, 1, 2, 2)",0.5446535976461045
2003-02-20,True,False,"(1, 1, 2, 2)",0.5515288600229591
2003-02-21,True,False,"(1, 1, 2, 2)",0.43202861412609084
2003-02-24,True,False,"(2, 1, 2, 2)",0.4053112364284151
2003-02-25,False,True,"(2, 1, 2, 2)",0.3800830869080058
2003-02-26,False,True,"(3, 1, 2, 2)",0.3544070876000944
2003-02-27,False,True,"(4, 1, 2, 2)",0.3102565694735032
2003-02-28,False,True,"(1, 1, 2, 2)",0.3102565694735032
2003-03-03,False,True,"(2, 1, 2, 2)",0.3544070876000944
2003-03-04,False,True,"(4, 1, 2, 2)",0.31721413425327905
2003-03-05,False,True,"(3, 1, 2, 2)",0.3085512396488479
2003-03-06,False,True,,
2003-03-07,True,False,"(5, 1, 2, 2)",0.656865305818846
2003-03-10,False,True,,
2003-03-11,False,True,,
2003-03-12,False,True,,
2003-03-13,False,True,,
2003-03-14,True,False,"(2, 1, 2, 2)",0.6700535543609836
2003-03-17,True,False,"(2, 1, 2, 2)",0.7019224603308283
2003-03-18,True,False,"(1, 1, 2, 2)",0.6988184279575421
2003-03-19,True,False,"(1, 1, 2, 2)",0.4925009613268203
2003-03-20,True,False,"(1, 1, 2, 2)",0.46485881142824664
2003-03-21,True,False,"(1, 1, 2, 2)",0.3654763949510479
2003-03-24,True,False,"(4, 1, 2, 2)",0.6383823380266292
2003-03-25,False,True,"(2, 1, 2, 2)",0.4241092614532049
2003-03-26,False,True,"(1, 1, 2, 2)",0.3822905744505773
2003-03-27,True,False,"(2, 1, 2, 2)",0.5087790181293573
2003-03-28,False,True,"(5, 1, 2, 2)",0.6709817117270502
2003-03-31,False,True,,
2003-04-01,False,True,,
2003-04-02,False,True,"(1, 1, 2, 2)",0.41516104502945905
2003-04-03,False,True,"(2, 1, 2, 2)",0.4829437937013665
2003-04-04,True,False,"(3, 1, 2, 2)",0.6312494124561421
2003-04-07,True,False,"(3, 1, 2, 2)",0.5586327370878382
2003-04-08,True,False,"(2, 1, 2, 2)",0.6188238619797195
2003-04-09,False,True,"(5, 1, 2, 2)",0.6619493443119997
2003-04-10,False,True,,
2003-04-11,False,True,,
2003-04-14,False,True,,
2003-04-15,True,False,"(1, 1, 2, 2)",0.5917429008584321
2003-04-16,True,False,"(1, 1, 2, 2)",0.575154955886132
2003-04-17,True,False,"(1, 1, 2, 2)",0.35960820123192055
2003-04-21,True,False,"(1, 1, 2, 2)",0.36652599322197155
2003-04-22,True,False,"(1, 1, 2, 2)",0.2884915531028768
2003-04-23,True,False,"(1, 1, 2, 2)",0.37506696968244174
2003-04-24,True,False,"(3, 1, 2, 2)",0.4371953662278738
2003-04-25,False,True,"(5, 1, 2, 2)",0.6709817117270502
2003-04-28,False,True,,
2003-04-29,True,False,"(4, 1, 2, 2)",0.6653018962022927
2003-04-30,False,True,,
2003-05-01,False,True,,
2003-05-02,True,False,"(1, 1, 2, 2)",0.6827267251438611
2003-05-05,True,False,"(1, 1, 2, 2)",0.6217641137875014
2003-05-06,True,False,"(1, 1, 2, 2)",0.5957722004122805
2003-05-07,True,False,"(2, 1, 2, 2)",0.6023215566149764
2003-05-08,True,False,"(2, 1, 2, 2)",0.6023215566149764
2003-05-09,True,False,"(1, 1, 2, 2)",0.6029948943683477
2003-05-12,True,False,"(1, 1, 2, 2)",0.4152718675420721
2003-05-13,True,False,"(1, 1, 2, 2)",0.4152718675420721
2003-05-14,True,False,"(3, 1, 2, 2)",0.5138253907860638
2003-05-15,False,True,"(4, 1, 2, 2)",0.5951772039427455
2003-05-16,True,False,"(3, 1, 2, 2)",0.5874726515440487
2003-05-19,True,False,"(2, 1, 2, 2)",0.6443400048443299
2003-05-20,True,False,"(2, 1, 2, 2)",0.583212741139812
2003-05-21,True,False,"(1, 1, 2, 2)",0.5874726515440487
2003-05-22,True,False,"(1, 1, 2, 2)",0.36780082956766114
2003-05-23,True,False,"(1, 1, 2, 2)",0.4039117080920619
2003-05-27,True,False,"(2, 1, 2, 2)",0.3544070876000944
2003-05-28,False,True,"(5, 1, 2, 2)",0.6511669154256188
2003-05-29,False,True,,
2003-05-30,True,False,"(4, 1, 2, 2)",0.6497623789619895
2003-06-02,True,False,"(1, 1, 2, 2)",0.6511669154256188
2003-06-03,True,False,"(2, 1, 2, 2)",0.649016415703146
2003-06-04,True,False,"(2, 1, 2, 2)",0.378379989675935
2003-06-05,True,False,"(2, 1, 2, 2)",0.3476891528661955
2003-06-06,True,False,"(2, 1, 2, 2)",0.2429982311461134
2003-06-09,True,False,"(2, 1, 2, 2)",0.29295505590186083
2003-06-10,True,False,"(2, 1, 2, 2)",0.2430150328327126
2003-06-11,True,False,"(1, 1, 2, 2)",0.2430150328327126
2003-06-12,True,False,"(3, 1, 2, 2)",0.3034354634721743
2003-06-13,False,True,,
2003-06-16,False,True,"(3, 1, 2, 2)",0.3554674047413911
2003-06-17,True,False,"(4, 1, 2, 2)",0.5177344372943414
2003-06-18,False,True,,
2003-06-19,False,True,,
2003-06-20,False,True,,
2003-06-23,False,True,,
2003-06-24,False,True,,
2003-06-25,True,False,"(1, 1, 2, 2)",0.6686863711580526
2003-06-26,True,False,"(1, 1, 2, 2)",0.6691804308028696
2003-06-27,True,False,"(2, 1, 2, 2)",0.671041565569453
2003-06-30,False,True,"(3, 1, 2, 2)",0.6753160384469317
2003-07-01,True,False,"(3, 1, 2, 2)",0.6988184279575421
2003-07-02,True,False,"(1, 1, 2, 2)",0.38923010909068634
2003-07-03,True,False,"(1, 1, 2, 2)",0.4640944815944499
2003-07-07,True,False,"(1, 1, 2, 2)",0.36824944438808677
2003-07-08,True,False,"(1, 1, 2, 2)",0.371563201859072
2003-07-09,True,False,"(3, 1, 2, 2)",0.3853406198402149
2003-07-10,False,True,,
2003-07-11,False,True,"(3, 1, 2, 2)",0.4637221299995466
2003-07-14,False,True,"(1, 1, 2, 2)",0.3544070876000944
2003-07-15,False,True,"(2, 1, 2, 2)",0.4810656827804603
2003-07-16,False,True,"(2, 1, 2, 2)",0.4810656827804603
2003-07-17,False,True,,
2003-07-18,False,True,,
2003-07-21,False,True,,
2003-07-22,False,True,,
2003-07-23,True,False,"(2, 1, 2, 2)",0.6455074405796929
2003-07-24,True,False,"(2, 1, 2, 2)",0.6573501730702691
2003-07-25,True,False,"(1, 1, 2, 2)",0.5661128678171182
2003-07-28,True,False,"(2, 1, 2, 2)",0.45501575840775654
2003-07-29,True,False,"(2, 1, 2, 2)",0.4821238899598544
2003-07-30,True,False,"(1, 1, 2, 2)",0.2836743587258008
2003-07-31,True,False,"(2, 1, 2, 2)",0.36780082956766114
2003-08-01,False,True,"(3, 1, 2, 2)",0.3375021906416372
2003-08-04,False,True,"(5, 1, 2, 2)",0.4260219942353872
2003-08-05,False,True,,
2003-08-06,True,False,"(5, 1, 2, 2)",0.5716073547412338
2003-08-07,False,True,"(1, 1, 2, 2)",0.453766852248753
2003-08-08,False,True,"(1, 1, 2, 2)",0.47905585806314677
2003-08-11,False,True,"(2, 1, 2, 2)",0.4699332326626732
2003-08-12,False,True,"(3, 1, 2, 2)",0.43210276994274704
2003-08-13,False,True,,
2003-08-14,False,True,"(4, 1, 2, 2)",0.45305776232715744
2003-08-15,False,True,,
2003-08-18,False,True,,
2003-08-19,True,False,"(1, 1, 2, 2)",0.5580652026416585
2003-08-20,True,False,"(1, 1, 2, 2)",0.6026932566191915
2003-08-21,True,False,"(1, 1, 2, 2)",0.6284062453082004
2003-08-22,True,False,"(4, 1, 2, 2)",0.6657196517917313
2003-08-25,False,True,,
2003-08-26,True,False,"(3, 1, 2, 2)",0.6610586015963767
2003-08-27,True,False,"(1, 1, 2, 2)",0.6696077424043216
2003-08-28,True,False,"(2, 1, 2, 2)",0.6848557791161307
2003-08-29,True,False,"(2, 1, 2, 2)",0.6475018730466334
2003-09-02,True,False,"(1, 1, 2, 2)",0.4071337089953167
2003-09-03,True,False,"(1, 1, 2, 2)",0.24684144771738167
2003-09-04,True,False,"(1, 1, 2, 2)",0.29031012716272253
2003-09-05,True,False,"(2, 1, 2, 2)",0.25209176711311193
2003-09-08,False,True,"(2, 1, 2, 2)",0.24984749270776058
2003-09-09,False,True,"(5, 1, 2, 2)",0.3102565694735032
2003-09-10,False,True,,
2003-09-11,False,True,"(5, 1, 2, 2)",0.35209276395680067
2003-09-12,True,False,"(1, 1, 2, 2)",0.6573940119847977
2003-09-15,True,False,"(2, 1, 2, 2)",0.658992982730938
2003-09-16,False,True,,
2003-09-17,False,True,,
2003-09-18,False,True,,
2003-09-19,True,False,"(1, 1, 2, 2)",0.5781422965364871
2003-09-22,True,False,"(2, 1, 2, 2)",0.6603798504100077
2003-09-23,True,False,"(2, 1, 2, 2)",0.6755937659090521
2003-09-24,True,False,"(2, 1, 2, 2)",0.6651704069006846
2003-09-25,False,True,"(3, 1, 2, 2)",0.6753279090626274
2003-09-26,True,False,"(3, 1, 2, 2)",0.6692447006366203
2003-09-29,True,False,"(1, 1, 2, 2)",0.6999662559728231
2003-09-30,True,False,"(1, 1, 2, 2)",0.7231109849512383
2003-10-01,True,False,"(1, 1, 2, 2)",0.7282074366294341
2003-10-02,True,False,"(1, 1, 2, 2)",0.6652845078205476
2003-10-03,True,False,"(1, 1, 2, 2)",0.5198136553224446
2003-10-06,True,False,"(1, 1, 2, 2)",0.36824944438808677
2003-10-07,True,False,"(2, 1, 2, 2)",0.48886214521501514
2003-10-08,False,True,"(2, 1, 2, 2)",0.40744690236104747
2003-10-09,False,True,"(1, 1, 2, 2)",0.3961975017691199
2003-10-10,False,True,"(1, 1, 2, 2)",0.38105865340739487
2003-10-13,False,True,"(1, 1, 2, 2)",0.3359864595532636
2003-10-14,False,True,"(1, 1, 2, 2)",0.2836743587258008
2003-10-15,False,True,"(3, 1, 2, 2)",0.3701467130023287
2003-10-16,False,True,"(2, 1, 2, 2)",0.3071798058627248
2003-10-17,False,True,,
2003-10-20,False,True,,
2003-10-21,False,True,"(5, 1, 2, 2)",0.35209276395680067
2003-10-22,False,True,,
2003-10-23,False,True,,
2003-10-24,False,True,,
2003-10-27,False,True,,
2003-10-28,True,False,"(2, 1, 2, 2)",0.6709759652333322
2003-10-29,True,False,"(2, 1, 2, 2)",0.6636221461279179
2003-10-30,True,False,"(1, 1, 2, 2)",0.6705465797157355
2003-10-31,True,False,"(3, 1, 2, 2)",0.6700535543609836
2003-11-03,True,False,"(2, 1, 2, 2)",0.5517614272867695
2003-11-04,True,False,"(1, 1, 2, 2)",0.5646898699063366
2003-11-05,True,False,"(2, 1, 2, 2)",0.5910769587202483
2003-11-06,True,False,"(2, 1, 2, 2)",0.4844890850677079
2003-11-07,True,False,"(1, 1, 2, 2)",0.4118280936315418
2003-11-10,True,False,"(2, 1, 2, 2)",0.4549949060019725
2003-11-11,False,True,"(4, 1, 2, 2)",0.6676368795993455
2003-11-12,False,True,"(3, 1, 2, 2)",0.3544070876000944
2003-11-13,False,True,"(1, 1, 2, 2)",0.3544070876000944
2003-11-14,False,True,"(1, 1, 2, 2)",0.3930700903783132
2003-11-17,False,True,"(3, 1, 2, 2)",0.4998617634900738
2003-11-18,False,True,"(2, 1, 2, 2)",0.46529934763908815
2003-11-19,False,True,,
2003-11-20,False,True,,
2003-11-21,False,True,,
2003-11-24,False,True,,
2003-11-25,True,False,"(1, 1, 2, 2)",0.6798236307872616
2003-11-26,True,False,"(1, 1, 2, 2)",0.5950397741152531
2003-11-28,True,False,"(1, 1, 2, 2)",0.5586327370878382
2003-12-01,True,False,"(1, 1, 2, 2)",0.31688931421873384
2003-12-02,True,False,"(2, 1, 2, 2)",0.3813192826152325
2003-12-03,False,True,"(3, 1, 2, 2)",0.3930700903783132
2003-12-04,False,True,"(4, 1, 2, 2)",0.4053112364284151
2003-12-05,False,True,"(4, 1, 2, 2)",0.46484446676226543
2003-12-08,False,True,"(1, 1, 2, 2)",0.3375021906416372
2003-12-09,False,True,"(2, 1, 2, 2)",0.34925899918126146
2003-12-10,False,True,"(3, 1, 2, 2)",0.475151674018554
2003-12-11,False,True,"(3, 1, 2, 2)",0.3375021906416372
2003-12-12,True,False,"(1, 1, 2, 2)",0.6619493443119997
2003-12-15,True,False,"(3, 1, 2, 2)",0.6700535543609836
2003-12-16,True,False,"(2, 1, 2, 2)",0.6605655914934874
2003-12-17,True,False,"(1, 1, 2, 2)",0.6619493443119997
2003-12-18,True,False,"(1, 1, 2, 2)",0.6653389671631406
2003-12-19,True,False,"(1, 1, 2, 2)",0.5222209714397331
2003-12-22,True,False,"(1, 1, 2, 2)",0.5838632678416844
2003-12-23,True,False,"(2, 1, 2, 2)",0.5047595979946162
2003-12-24,True,False,"(2, 1, 2, 2)",0.4821238899598544
2003-12-26,True,False,"(1, 1, 2, 2)",0.4821238899598544
2003-12-29,True,False,"(1, 1, 2, 2)",0.3375021906416372
2003-12-30,True,False,"(1, 1, 2, 2)",0.3375021906416372
2003-12-31,True,False,"(3, 1, 2, 2)",0.37720690013680575
2004-01-02,False,True,"(5, 1, 2, 2)",0.4260219942353872
2004-01-05,False,True,"(3, 1, 2, 2)",0.44762150807767753
2004-01-06,False,True,"(1, 1, 2, 2)",0.4260219942353872
2004-01-07,False,True,,
2004-01-08,True,False,"(2, 1, 2, 2)",0.6147193089498248
2004-01-09,True,False,"(1, 1, 2, 2)",0.6619493443119997
2004-01-12,True,False,"(1, 1, 2, 2)",0.6619493443119997
2004-01-13,True,False,"(1, 1, 2, 2)",0.6809843842712973
2004-01-14,True,False,"(1, 1, 2, 2)",0.5834239402707067
2004-01-15,True,False,"(2, 1, 2, 2)",0.6963868163442001
2004-01-16,False,True,"(5, 1, 2, 2)",0.6706107147827065
2004-01-20,True,False,"(3, 1, 2, 2)",0.6700535543609836
2004-01-21,True,False,"(1, 1, 2, 2)",0.6700655233767224
2004-01-22,True,False,"(1, 1, 2, 2)",0.701087986613137
2004-01-23,True,False,"(1, 1, 2, 2)",0.7231109849512383
2004-01-26,True,False,"(1, 1, 2, 2)",0.6652845078205476
2004-01-27,True,False,"(1, 1, 2, 2)",0.5427721853443706
2004-01-28,True,False,"(2, 1, 2, 2)",0.6066219337802848
2004-01-29,False,True,"(2, 1, 2, 2)",0.6066219337802848
2004-01-30,True,False,"(1, 1, 2, 2)",0.5783635970103805
2004-02-02,True,False,"(1, 1, 2, 2)",0.3910734855791644
2004-02-03,True,False,"(2, 1, 2, 2)",0.42175346100054534
2004-02-04,False,True,"(4, 1, 2, 2)",0.6489365736618443
2004-02-05,True,False,"(3, 1, 2, 2)",0.6677136655660899
2004-02-06,False,True,"(1, 1, 2, 2)",0.41144746939883947
2004-02-09,False,True,"(2, 1, 2, 2)",0.39178283114059675
2004-02-10,False,True,"(2, 1, 2, 2)",0.351746809609226
2004-02-11,False,True,"(1, 1, 2, 2)",0.28604716391707513
2004-02-12,False,True,"(3, 1, 2, 2)",0.43336091100244667
2004-02-13,False,True,,
2004-02-17,True,False,"(3, 1, 2, 2)",0.6309996235254044
2004-02-18,True,False,"(1, 1, 2, 2)",0.6455074405796929
2004-02-19,True,False,,
2004-02-20,False,True,"(2, 1, 2, 2)",0.6739021517631194
2004-02-23,True,False,"(1, 1, 2, 2)",0.6739021517631194
2004-02-24,True,False,"(1, 1, 2, 2)",0.6890926350670697
2004-02-25,True,False,"(1, 1, 2, 2)",0.6705068841044597
2004-02-26,True,False,"(2, 1, 2, 2)",0.6647582322020427
2004-02-27,False,True,"(2, 1, 2, 2)",0.670063586806178
2004-03-01,False,True,"(1, 1, 2, 2)",0.38000768192199685
2004-03-02,False,True,"(1, 1, 2, 2)",0.44624033997638246
2004-03-03,False,True,"(1, 1, 2, 2)",0.44826435509050255
2004-03-04,False,True,"(1, 1, 2, 2)",0.40188284069023383
2004-03-05,False,True,"(1, 1, 2, 2)",0.2943120860827804
2004-03-08,False,True,"(1, 1, 2, 2)",0.28567816797253237
2004-03-09,False,True,"(3, 1, 2, 2)",0.3440919995214689
2004-03-10,False,True,,
2004-03-11,False,True,,
2004-03-12,True,False,"(4, 1, 2, 2)",0.6440925716730539
2004-03-15,True,False,"(5, 1, 2, 2)",0.6739021517631194
2004-03-16,False,True,,
2004-03-17,False,True,"(1, 1, 2, 2)",0.4692926371322254
2004-03-18,False,True,"(1, 1, 2, 2)",0.3585104071991978
2004-03-19,False,True,"(1, 1, 2, 2)",0.2452010917839298
2004-03-22,False,True,"(3, 1, 2, 2)",0.28128561103935606
2004-03-23,False,True,"(2, 1, 2, 2)",0.2452010917839298
2004-03-24,False,True,,
2004-03-25,False,True,"(4, 1, 2, 2)",0.23629407514462455
2004-03-26,False,True,"(2, 1, 2, 2)",0.25681895095330975
2004-03-29,False,True,"(2, 1, 2, 2)",0.21791568811435783
2004-03-30,False,True,"(1, 1, 2, 2)",0.21791568811435783
2004-03-31,False,True,"(1, 1, 2, 2)",0.23629407514462455
2004-04-01,False,True,"(1, 1, 2, 2)",0.23629407514462455
2004-04-02,False,True,"(3, 1, 2, 2)",0.21791568811435783
2004-04-05,False,True,,
2004-04-06,False,True,,
2004-04-07,False,True,"(4, 1, 2, 2)",0.21791568811435783
2004-04-08,False,True,,
2004-04-12,False,True,,
2004-04-13,False,True,,
2004-04-14,False,True,,
2004-04-15,False,True,,
2004-04-16,False,True,"(1, 1, 2, 2)",0.2905198532797404
2004-04-19,False,True,"(1, 1, 2, 2)",0.21791568811435783
2004-04-20,False,True,,
2004-04-21,True,False,"(2, 1, 2, 2)",0.5548626307668775
2004-04-22,False,True,"(1, 1, 2, 2)",0.2905198532797404
2004-04-23,False,True,"(2, 1, 2, 2)",0.38080564744394957
2004-04-26,False,True,"(2, 1, 2, 2)",0.28128561103935606
2004-04-27,False,True,"(1, 1, 2, 2)",0.21791568811435783
2004-04-28,False,True,"(3, 1, 2, 2)",0.28128561103935606
2004-04-29,False,True,,
2004-04-30,False,True,,
2004-05-03,False,True,"(4, 1, 2, 2)",0.25158001626241894
2004-05-04,False,True,"(1, 1, 2, 2)",0.21791568811435783
2004-05-05,False,True,"(3, 1, 2, 2)",0.25681895095330975
2004-05-06,False,True,,
2004-05-07,False,True,,
2004-05-10,False,True,,
2004-05-11,False,True,,
2004-05-12,False,True,,
2004-05-13,False,True,,
2004-05-14,True,False,"(1, 1, 2, 2)",0.6508531910499062
2004-05-17,True,False,"(1, 1, 2, 2)",0.6652250373224298
2004-05-18,True,False,"(1, 1, 2, 2)",0.6831357870886324
2004-05-19,True,False,"(4, 1, 2, 2)",0.665225502598191
2004-05-20,False,True,"(2, 1, 2, 2)",0.6792742972473941
2004-05-21,True,False,"(3, 1, 2, 2)",0.7028818562551855
2004-05-24,True,False,"(4, 1, 2, 2)",0.7136313294616826
2004-05-25,True,False,"(1, 1, 2, 2)",0.6008455280591127
2004-05-26,True,False,"(1, 1, 2, 2)",0.4549958162998243
2004-05-27,True,False,"(1, 1, 2, 2)",0.4948874338897047
2004-05-28,True,False,"(1, 1, 2, 2)",0.36877976523119216
2004-06-01,True,False,"(3, 1, 2, 2)",0.4852559193776395
2004-06-02,True,False,"(2, 1, 2, 2)",0.34683402993921847
2004-06-03,True,False,"(2, 1, 2, 2)",0.3961975017691199
2004-06-04,False,True,"(2, 1, 2, 2)",0.5120259779223857
2004-06-07,False,True,"(1, 1, 2, 2)",0.3961975017691199
2004-06-08,False,True,"(2, 1, 2, 2)",0.41211458276662133
2004-06-09,True,False,"(3, 1, 2, 2)",0.6016206143975977
2004-06-10,False,True,,
2004-06-14,False,True,,
2004-06-15,True,False,"(5, 1, 2, 2)",0.6511576325773267
2004-06-16,True,False,"(1, 1, 2, 2)",0.6498191037684823
2004-06-17,True,False,"(1, 1, 2, 2)",0.5787501227273759
2004-06-18,True,False,"(1, 1, 2, 2)",0.5680220994883274
2004-06-21,True,False,"(1, 1, 2, 2)",0.4193433435724237
2004-06-22,True,False,"(2, 1, 2, 2)",0.4042222371940102
2004-06-23,True,False,"(2, 1, 2, 2)",0.4083712853054885
2004-06-24,True,False,"(1, 1, 2, 2)",0.4083712853054885
2004-06-25,True,False,"(1, 1, 2, 2)",0.48644220556612805
2004-06-28,True,False,"(1, 1, 2, 2)",0.42745053204283995
2004-06-29,True,False,,
2004-06-30,False,True,"(2, 1, 2, 2)",0.6512420521504559
2004-07-01,True,False,"(1, 1, 2, 2)",0.6526438269416454
2004-07-02,True,False,"(1, 1, 2, 2)",0.3893827442164981
2004-07-06,True,False,"(2, 1, 2, 2)",0.5131340028681547
2004-07-07,True,False,"(2, 1, 2, 2)",0.3456358995428067
2004-07-08,True,False,"(4, 1, 2, 2)",0.4745979037987484
2004-07-09,False,True,"(5, 1, 2, 2)",0.4260219942353872
2004-07-12,False,True,"(3, 1, 2, 2)",0.28128561103935606
2004-07-13,False,True,,
2004-07-14,False,True,"(2, 1, 2, 2)",0.2928414720075558
2004-07-15,False,True,"(1, 1, 2, 2)",0.2429982311461134
2004-07-16,False,True,"(2, 1, 2, 2)",0.2452010917839298
2004-07-19,False,True,"(2, 1, 2, 2)",0.23629407514462455
2004-07-20,False,True,"(1, 1, 2, 2)",0.2770610773968036
2004-07-21,False,True,"(5, 1, 2, 2)",0.28128561103935606
2004-07-22,False,True,,
2004-07-23,False,True,,
2004-07-26,False,True,,
2004-07-27,True,False,"(5, 1, 2, 2)",0.6618479372567785
2004-07-28,True,False,"(1, 1, 2, 2)",0.6618479372567785
2004-07-29,True,False,"(1, 1, 2, 2)",0.6777156980965205
2004-07-30,True,False,"(1, 1, 2, 2)",0.6705465797157355
2004-08-02,True,False,"(1, 1, 2, 2)",0.2905198532797404
2004-08-03,True,False,"(1, 1, 2, 2)",0.34453259752590093
2004-08-04,True,False,"(1, 1, 2, 2)",0.2435951362642223
2004-08-05,True,False,"(4, 1, 2, 2)",0.49120517059541663
2004-08-06,False,True,"(5, 1, 2, 2)",0.6554122036139507
2004-08-09,False,True,,
2004-08-10,True,False,"(4, 1, 2, 2)",0.6566167552470026
2004-08-11,True,False,"(2, 1, 2, 2)",0.6700535543609836
2004-08-12,False,True,,
2004-08-13,True,False,"(3, 1, 2, 2)",0.6686863711580526
2004-08-16,True,False,"(1, 1, 2, 2)",0.6955215493927177
2004-08-17,True,False,"(1, 1, 2, 2)",0.7277188703747355
2004-08-18,True,False,"(1, 1, 2, 2)",0.6575176749814667
2004-08-19,True,False,"(3, 1, 2, 2)",0.7115833953138703
2004-08-20,True,False,"(2, 1, 2, 2)",0.599752390954629
2004-08-23,True,False,"(1, 1, 2, 2)",0.6575176749814667
2004-08-24,True,False,"(1, 1, 2, 2)",0.44891585490884534
2004-08-25,True,False,"(2, 1, 2, 2)",0.5683336433432661
2004-08-26,False,True,"(2, 1, 2, 2)",0.6247697473383116
2004-08-27,True,False,"(1, 1, 2, 2)",0.5975506370178033
2004-08-30,True,False,"(1, 1, 2, 2)",0.5845446189505683
2004-08-31,True,False,"(1, 1, 2, 2)",0.3961975017691199
2004-09-01,True,False,"(2, 1, 2, 2)",0.5500760217175632
2004-09-02,True,False,"(2, 1, 2, 2)",0.3961975017691199
2004-09-03,True,False,"(1, 1, 2, 2)",0.32806894474297926
2004-09-07,True,False,"(1, 1, 2, 2)",0.2770610773968036
2004-09-08,True,False,"(2, 1, 2, 2)",0.2770610773968036
2004-09-09,False,True,"(5, 1, 2, 2)",0.33757518775006107
2004-09-10,False,True,"(3, 1, 2, 2)",0.28128561103935606
2004-09-13,False,True,,
2004-09-14,False,True,,
2004-09-15,False,True,,
2004-09-16,False,True,"(1, 1, 2, 2)",0.26554674971365255
2004-09-17,False,True,"(2, 1, 2, 2)",0.2905198532797404
2004-09-20,False,True,"(3, 1, 2, 2)",0.40836125622623487
2004-09-21,False,True,"(3, 1, 2, 2)",0.40836125622623487
2004-09-22,False,True,"(5, 1, 2, 2)",0.429735751657904
2004-09-23,False,True,,
2004-09-24,False,True,,
2004-09-27,False,True,,
2004-09-28,False,True,,
2004-09-29,True,False,"(2, 1, 2, 2)",0.6618479372567785
2004-09-30,True,False,"(2, 1, 2, 2)",0.6853396064601546
2004-10-01,True,False,"(1, 1, 2, 2)",0.41596003682658156
2004-10-04,True,False,"(2, 1, 2, 2)",0.4922470630446501
2004-10-05,True,False,"(2, 1, 2, 2)",0.47709996200589905
2004-10-06,True,False,"(1, 1, 2, 2)",0.4674061143493314
2004-10-07,True,False,"(5, 1, 2, 2)",0.6621916863853337
2004-10-08,False,True,"(2, 1, 2, 2)",0.5170921783868956
2004-10-11,True,False,"(3, 1, 2, 2)",0.6727650147403211
2004-10-12,True,False,"(4, 1, 2, 2)",0.5921709766644837
2004-10-13,True,False,"(2, 1, 2, 2)",0.6727650147403211
2004-10-14,True,False,"(2, 1, 2, 2)",0.6062881713748378
2004-10-15,True,False,"(1, 1, 2, 2)",0.4140580085032731
2004-10-18,True,False,"(1, 1, 2, 2)",0.4083712853054885
2004-10-19,True,False,"(3, 1, 2, 2)",0.4814346294585338
2004-10-20,False,True,"(5, 1, 2, 2)",0.6746939064723708
2004-10-21,False,True,"(3, 1, 2, 2)",0.49394229873080037
2004-10-22,True,False,"(2, 1, 2, 2)",0.6677136655660899
2004-10-25,False,True,"(5, 1, 2, 2)",0.6739021517631194
2004-10-26,False,True,,
2004-10-27,True,False,"(1, 1, 2, 2)",0.6037478204487792
2004-10-28,True,False,"(1, 1, 2, 2)",0.5874726515440487
2004-10-29,True,False,"(3, 1, 2, 2)",0.6546899692495795
2004-11-01,True,False,"(2, 1, 2, 2)",0.6065655491945943
2004-11-02,True,False,"(2, 1, 2, 2)",0.6565762408391697
2004-11-03,True,False,"(2, 1, 2, 2)",0.5721573894037536
2004-11-04,True,False,"(1, 1, 2, 2)",0.28604716391707513
2004-11-05,True,False,"(5, 1, 2, 2)",0.6739021517631194
2004-11-08,False,True,"(2, 1, 2, 2)",0.6739021517631194
2004-11-09,True,False,"(1, 1, 2, 2)",0.6739021517631194
2004-11-10,True,False,"(1, 1, 2, 2)",0.6455074405796929
2004-11-11,True,False,"(1, 1, 2, 2)",0.5194409023189549
2004-11-12,True,False,"(1, 1, 2, 2)",0.29571524727542686
2004-11-15,True,False,"(1, 1, 2, 2)",0.34214119189995423
2004-11-16,True,False,"(2, 1, 2, 2)",0.28604716391707513
2004-11-17,False,True,"(4, 1, 2, 2)",0.6455074405796929
2004-11-18,True,False,"(3, 1, 2, 2)",0.6475279179102715
2004-11-19,False,True,,
2004-11-22,True,False,"(5, 1, 2, 2)",0.6709759652333322
2004-11-23,True,False,"(1, 1, 2, 2)",0.6890926350670697
2004-11-24,True,False,"(1, 1, 2, 2)",0.5585694081364996
2004-11-26,True,False,"(2, 1, 2, 2)",0.6677136655660899
2004-11-29,False,True,"(3, 1, 2, 2)",0.6739021517631194
2004-11-30,True,False,"(3, 1, 2, 2)",0.6677136655660899
2004-12-01,True,False,"(1, 1, 2, 2)",0.39584287878565444
2004-12-02,True,False,"(2, 1, 2, 2)",0.6553716216783692
2004-12-03,True,False,"(2, 1, 2, 2)",0.38094859274689963
2004-12-06,True,False,"(1, 1, 2, 2)",0.36885775570334906
2004-12-07,True,False,"(3, 1, 2, 2)",0.6535516318444833
2004-12-08,False,True,"(2, 1, 2, 2)",0.6462125072643302
2004-12-09,False,True,"(1, 1, 2, 2)",0.4953974352742541
2004-12-10,False,True,"(1, 1, 2, 2)",0.3961975017691199
2004-12-13,False,True,"(2, 1, 2, 2)",0.3961975017691199
2004-12-14,False,True,"(3, 1, 2, 2)",0.47973464591743076
2004-12-15,False,True,"(3, 1, 2, 2)",0.36780082956766114
2004-12-16,True,False,"(5, 1, 2, 2)",0.6183523428362945
2004-12-17,False,True,"(2, 1, 2, 2)",0.35290144247106403
2004-12-20,False,True,"(3, 1, 2, 2)",0.28128561103935606
2004-12-21,False,True,"(4, 1, 2, 2)",0.2429982311461134
2004-12-22,False,True,"(1, 1, 2, 2)",0.2770610773968036
2004-12-23,False,True,"(3, 1, 2, 2)",0.3554674047413911
2004-12-27,False,True,"(2, 1, 2, 2)",0.3186292735752523
2004-12-28,False,True,"(1, 1, 2, 2)",0.21791568811435783
2004-12-29,False,True,"(1, 1, 2, 2)",0.21791568811435783
2004-12-30,False,True,"(1, 1, 2, 2)",0.21791568811435783
2004-12-31,False,True,"(2, 1, 2, 2)",0.21791568811435783
2005-01-03,False,True,,
2005-01-04,False,True,,
2005-01-05,False,True,,
2005-01-06,True,False,"(5, 1, 2, 2)",0.6325191146541284
2005-01-07,False,True,,
2005-01-10,False,True,,
2005-01-11,False,True,,
2005-01-12,False,True,,
2005-01-13,False,True,,
2005-01-14,False,True,"(1, 1, 2, 2)",0.28128561103935606
2005-01-18,False,True,"(1, 1, 2, 2)",0.21791568811435783
2005-01-19,False,True,"(1, 1, 2, 2)",0.21791568811435783
2005-01-20,False,True,"(3, 1, 2, 2)",0.21791568811435783
2005-01-21,False,True,"(2, 1, 2, 2)",0.21791568811435783
2005-01-24,False,True,,
2005-01-25,False,True,,
2005-01-26,True,False,"(5, 1, 2, 2)",0.629402220724545
2005-01-27,False,True,,
2005-01-28,False,True,,
2005-01-31,False,True,,
2005-02-01,False,True,,
2005-02-02,True,False,"(1, 1, 2, 2)",0.685111330525712
2005-02-03,True,False,"(2, 1, 2, 2)",0.6708986759052135
2005-02-04,True,False,"(2, 1, 2, 2)",0.4796141006648339
2005-02-07,True,False,"(2, 1, 2, 2)",0.4755854496924307
2005-02-08,True,False,"(2, 1, 2, 2)",0.4101714247340822
2005-02-09,True,False,"(1, 1, 2, 2)",0.39761703882480975
2005-02-10,True,False,"(1, 1, 2, 2)",0.3477331494749425
2005-02-11,True,False,"(1, 1, 2, 2)",0.2452010917839298
2005-02-14,True,False,"(1, 1, 2, 2)",0.34074587777167303
2005-02-15,True,False,"(1, 1, 2, 2)",0.27581989421452685
2005-02-16,True,False,"(1, 1, 2, 2)",0.23629407514462455
2005-02-17,True,False,"(2, 1, 2, 2)",0.27581989421452685
2005-02-18,False,True,,
2005-02-22,False,True,,
2005-02-23,True,False,"(4, 1, 2, 2)",0.6709759652333322
2005-02-24,False,True,,
2005-02-25,False,True,,
2005-02-28,True,False,"(2, 1, 2, 2)",0.6443044820894023
2005-03-01,True,False,"(2, 1, 2, 2)",0.46096223369424644
2005-03-02,True,False,"(2, 1, 2, 2)",0.429735751657904
2005-03-03,False,True,"(2, 1, 2, 2)",0.35610689540967566
2005-03-04,False,True,"(1, 1, 2, 2)",0.23629407514462455
2005-03-07,False,True,"(1, 1, 2, 2)",0.27877642730718116
2005-03-08,False,True,"(3, 1, 2, 2)",0.23629407514462455
2005-03-09,False,True,,
2005-03-10,False,True,"(3, 1, 2, 2)",0.2905198532797404
2005-03-11,False,True,,
2005-03-14,False,True,"(5, 1, 2, 2)",0.21791568811435783
2005-03-15,False,True,"(2, 1, 2, 2)",0.21791568811435783
2005-03-16,False,True,"(3, 1, 2, 2)",0.35209276395680067
2005-03-17,False,True,"(3, 1, 2, 2)",0.21791568811435783
2005-03-18,False,True,,
2005-03-21,False,True,,
2005-03-22,False,True,,
2005-03-23,False,True,,
2005-03-24,False,True,,
2005-03-28,False,True,,
2005-03-29,False,True,,
2005-03-30,False,True,,
2005-03-31,True,False,"(2, 1, 2, 2)",0.5706293542541843
2005-04-01,False,True,"(2, 1, 2, 2)",0.48894579715192565
2005-04-04,True,False,"(4, 1, 2, 2)",0.58820250901564
2005-04-05,True,False,"(4, 1, 2, 2)",0.6230468369753775
2005-04-06,False,True,"(1, 1, 2, 2)",0.43245160889882533
2005-04-07,True,False,"(1, 1, 2, 2)",0.5253933707512372
2005-04-08,True,False,,
2005-04-11,False,True,"(2, 1, 2, 2)",0.604464385190025
2005-04-12,False,True,"(1, 1, 2, 2)",0.46049835828068697
2005-04-13,False,True,"(2, 1, 2, 2)",0.48051305205341016
2005-04-14,True,False,"(3, 1, 2, 2)",0.6530245359156835
2005-04-15,True,False,"(4, 1, 2, 2)",0.6777849935129399
2005-04-18,True,False,"(4, 1, 2, 2)",0.6647716373612501
2005-04-19,True,False,"(1, 1, 2, 2)",0.7072290730476143
2005-04-20,True,False,"(2, 1, 2, 2)",0.6796818053146921
2005-04-21,False,True,"(2, 1, 2, 2)",0.6957109091312124
2005-04-22,True,False,"(3, 1, 2, 2)",0.688365876106369
2005-04-25,True,False,"(4, 1, 2, 2)",0.646296262757235
2005-04-26,True,False,"(2, 1, 2, 2)",0.7135938198113554
2005-04-27,True,False,"(2, 1, 2, 2)",0.6409771319124801
2005-04-28,True,False,"(2, 1, 2, 2)",0.695634874578904
2005-04-29,True,False,"(2, 1, 2, 2)",0.5938205882661293
2005-05-02,True,False,"(2, 1, 2, 2)",0.6328645638576831
2005-05-03,True,False,"(2, 1, 2, 2)",0.6390522827546722
2005-05-04,True,False,"(1, 1, 2, 2)",0.647013064813971
2005-05-05,True,False,"(1, 1, 2, 2)",0.6390522827546722
2005-05-06,True,False,"(3, 1, 2, 2)",0.6582558476322108
2005-05-09,True,False,"(2, 1, 2, 2)",0.4005394958168548
2005-05-10,True,False,"(2, 1, 2, 2)",0.599662616620178
2005-05-11,True,False,"(2, 1, 2, 2)",0.5667384779517681
2005-05-12,True,False,"(4, 1, 2, 2)",0.6552382638210515
2005-05-13,False,True,,
2005-05-16,True,False,"(3, 1, 2, 2)",0.6634357918731253
2005-05-17,True,False,"(1, 1, 2, 2)",0.6641388719109065
2005-05-18,True,False,"(1, 1, 2, 2)",0.4210687763864971
2005-05-19,True,False,"(1, 1, 2, 2)",0.2770610773968036
2005-05-20,True,False,"(2, 1, 2, 2)",0.28604716391707513
2005-05-23,True,False,"(2, 1, 2, 2)",0.28604716391707513
2005-05-24,True,False,"(4, 1, 2, 2)",0.47288317520363005
2005-05-25,False,True,,
2005-05-26,False,True,,
2005-05-27,False,True,,
2005-05-31,True,False,"(1, 1, 2, 2)",0.6709536631179276
2005-06-01,True,False,"(1, 1, 2, 2)",0.6550377518364355
2005-06-02,True,False,"(2, 1, 2, 2)",0.6587086165059463
2005-06-03,False,True,"(3, 1, 2, 2)",0.6739021517631194
2005-06-06,True,False,"(3, 1, 2, 2)",0.6790832857270641
2005-06-07,True,False,"(1, 1, 2, 2)",0.5463532188194586
2005-06-08,True,False,"(1, 1, 2, 2)",0.42175346100054534
2005-06-09,True,False,"(1, 1, 2, 2)",0.4394090311634049
2005-06-10,True,False,"(2, 1, 2, 2)",0.44136271783878966
2005-06-13,True,False,"(2, 1, 2, 2)",0.4005394958168548
2005-06-14,True,False,"(1, 1, 2, 2)",0.2782109434989235
2005-06-15,True,False,"(2, 1, 2, 2)",0.3961975017691199
2005-06-16,True,False,"(2, 1, 2, 2)",0.2782109434989235
2005-06-17,True,False,"(1, 1, 2, 2)",0.34214119189995423
2005-06-20,True,False,"(2, 1, 2, 2)",0.3853406198402149
2005-06-21,False,True,"(4, 1, 2, 2)",0.6459611274743601
2005-06-22,True,False,"(3, 1, 2, 2)",0.6424384352833379
2005-06-23,False,True,,
2005-06-24,False,True,,
2005-06-27,False,True,,
2005-06-28,True,False,"(1, 1, 2, 2)",0.6725431223473848
2005-06-29,True,False,"(1, 1, 2, 2)",0.6890926350670697
2005-06-30,True,False,"(1, 1, 2, 2)",0.6725431223473848
2005-07-01,True,False,"(1, 1, 2, 2)",0.6703031857482002
2005-07-05,True,False,"(1, 1, 2, 2)",0.5666713843126869
2005-07-06,True,False,"(2, 1, 2, 2)",0.6752710031799972
2005-07-07,True,False,"(2, 1, 2, 2)",0.6337576353483381
2005-07-08,True,False,"(1, 1, 2, 2)",0.35096966782089617
2005-07-11,True,False,"(1, 1, 2, 2)",0.3552366050052686
2005-07-12,True,False,"(1, 1, 2, 2)",0.3552366050052686
2005-07-13,True,False,"(3, 1, 2, 2)",0.4070675249299684
2005-07-14,False,True,"(5, 1, 2, 2)",0.6739021517631194
2005-07-15,True,False,"(3, 1, 2, 2)",0.66906335825419
2005-07-18,True,False,"(1, 1, 2, 2)",0.6739021517631194
2005-07-19,True,False,"(1, 1, 2, 2)",0.6473432009655862
2005-07-20,True,False,"(1, 1, 2, 2)",0.5935671430929665
2005-07-21,True,False,"(4, 1, 2, 2)",0.6739021517631194
2005-07-22,False,True,"(2, 1, 2, 2)",0.5198520678447707
2005-07-25,False,True,"(1, 1, 2, 2)",0.3995067153692267
2005-07-26,False,True,"(1, 1, 2, 2)",0.2429982311461134
2005-07-27,False,True,"(1, 1, 2, 2)",0.2429982311461134
2005-07-28,False,True,"(1, 1, 2, 2)",0.2770610773968036
2005-07-29,False,True,"(2, 1, 2, 2)",0.2770610773968036
2005-08-01,False,True,"(3, 1, 2, 2)",0.26703492567261444
2005-08-02,False,True,"(3, 1, 2, 2)",0.26703492567261444
2005-08-03,False,True,"(2, 1, 2, 2)",0.26703492567261444
2005-08-04,False,True,,
2005-08-05,False,True,,
2005-08-08,False,True,,
2005-08-09,True,False,"(5, 1, 2, 2)",0.629402220724545
2005-08-10,False,True,,
2005-08-11,False,True,,
2005-08-12,True,False,"(2, 1, 2, 2)",0.6027638553596913
2005-08-15,True,False,"(2, 1, 2, 2)",0.28128561103935606
2005-08-16,True,False,"(1, 1, 2, 2)",0.21791568811435783
2005-08-17,True,False,"(3, 1, 2, 2)",0.29648921354182584
2005-08-18,False,True,,
2005-08-19,False,True,,
2005-08-22,True,False,"(4, 1, 2, 2)",0.6234302263045391
2005-08-23,True,False,"(1, 1, 2, 2)",0.6428206710934673
2005-08-24,True,False,"(1, 1, 2, 2)",0.641861491425335
2005-08-25,True,False,"(1, 1, 2, 2)",0.6606275169423353
2005-08-26,True,False,"(5, 1, 2, 2)",0.6627591646924206
2005-08-29,False,True,,
2005-08-30,True,False,"(3, 1, 2, 2)",0.6633224535633419
2005-08-31,True,False,"(1, 1, 2, 2)",0.598571856403963
2005-09-01,True,False,"(1, 1, 2, 2)",0.4591473359625653
2005-09-02,True,False,"(2, 1, 2, 2)",0.4951871407759821
2005-09-06,True,False,"(2, 1, 2, 2)",0.24006488539453635
2005-09-07,True,False,"(2, 1, 2, 2)",0.2806221345130548
2005-09-08,False,True,"(3, 1, 2, 2)",0.2429982311461134
2005-09-09,False,True,"(3, 1, 2, 2)",0.2743161863084804
2005-09-12,False,True,"(4, 1, 2, 2)",0.23629407514462455
2005-09-13,False,True,,
2005-09-14,False,True,,
2005-09-15,False,True,,
2005-09-16,False,True,,
2005-09-19,False,True,,
2005-09-20,False,True,,
2005-09-21,False,True,,
2005-09-22,False,True,,
2005-09-23,False,True,,
2005-09-26,False,True,,
2005-09-27,False,True,"(2, 1, 2, 2)",0.39750628037028185
2005-09-28,False,True,,
2005-09-29,False,True,"(3, 1, 2, 2)",0.21791568811435783
2005-09-30,False,True,"(1, 1, 2, 2)",0.21791568811435783
2005-10-03,False,True,"(1, 1, 2, 2)",0.21791568811435783
2005-10-04,False,True,"(4, 1, 2, 2)",0.21791568811435783
2005-10-05,False,True,,
2005-10-06,False,True,,
2005-10-07,False,True,,
2005-10-10,False,True,,
2005-10-11,False,True,,
2005-10-12,False,True,,
2005-10-13,False,True,,
2005-10-14,True,False,"(1, 1, 2, 2)",0.5673465892365301
2005-10-17,True,False,"(1, 1, 2, 2)",0.31131908492912364
2005-10-18,True,False,"(3, 1, 2, 2)",0.6111914278993158
2005-10-19,False,True,"(2, 1, 2, 2)",0.4223276589894683
2005-10-20,True,False,"(5, 1, 2, 2)",0.6401597440569118
2005-10-21,True,False,"(4, 1, 2, 2)",0.6179532432787097
2005-10-24,False,True,"(1, 1, 2, 2)",0.4228266513395699
2005-10-25,False,True,"(1, 1, 2, 2)",0.4384493967911197
2005-10-26,True,False,"(3, 1, 2, 2)",0.6728568952765352
2005-10-27,False,True,"(5, 1, 2, 2)",0.6627591646924206
2005-10-28,False,True,"(3, 1, 2, 2)",0.396108183188939
2005-10-31,False,True,"(1, 1, 2, 2)",0.44647036451732863
2005-11-01,True,False,"(3, 1, 2, 2)",0.6700649163036948
2005-11-02,False,True,"(2, 1, 2, 2)",0.6168761926027435
2005-11-03,True,False,"(3, 1, 2, 2)",0.6725431223473848
2005-11-04,True,False,"(4, 1, 2, 2)",0.6709759652333322
2005-11-07,True,False,"(5, 1, 2, 2)",0.6744559707653237
2005-11-08,True,False,,
2005-11-09,True,False,"(2, 1, 2, 2)",0.6890926350670697
2005-11-10,True,False,"(1, 1, 2, 2)",0.6135390534570181
2005-11-11,True,False,"(1, 1, 2, 2)",0.49389221113860754
2005-11-14,True,False,"(2, 1, 2, 2)",0.6769041710222201
2005-11-15,False,True,"(3, 1, 2, 2)",0.675796570218961
2005-11-16,True,False,"(5, 1, 2, 2)",0.6791326470908062
2005-11-17,True,False,"(4, 1, 2, 2)",0.6955201201205495
2005-11-18,True,False,"(1, 1, 2, 2)",0.599752390954629
2005-11-21,True,False,"(1, 1, 2, 2)",0.4421282859943286
2005-11-22,True,False,"(1, 1, 2, 2)",0.34074587777167303
2005-11-23,True,False,"(1, 1, 2, 2)",0.34214119189995423
2005-11-25,True,False,"(1, 1, 2, 2)",0.35049109713089643
2005-11-28,True,False,"(4, 1, 2, 2)",0.3985659025002306
2005-11-29,False,True,"(2, 1, 2, 2)",0.3961975017691199
2005-11-30,False,True,,
2005-12-01,False,True,"(4, 1, 2, 2)",0.4005394958168548
2005-12-02,False,True,"(2, 1, 2, 2)",0.3853406198402149
2005-12-05,True,False,"(3, 1, 2, 2)",0.6087809421954234
2005-12-06,False,True,,
2005-12-07,False,True,,
2005-12-08,False,True,,
2005-12-09,False,True,"(1, 1, 2, 2)",0.3877005518214368
2005-12-12,False,True,"(2, 1, 2, 2)",0.40836125622623487
2005-12-13,False,True,"(2, 1, 2, 2)",0.25681895095330975
2005-12-14,False,True,"(1, 1, 2, 2)",0.21791568811435783
2005-12-15,False,True,"(3, 1, 2, 2)",0.30889055970815227
2005-12-16,False,True,"(2, 1, 2, 2)",0.2431592864140234
2005-12-19,False,True,,
2005-12-20,False,True,,
2005-12-21,True,False,"(5, 1, 2, 2)",0.6073086626892218
2005-12-22,True,False,"(1, 1, 2, 2)",0.667109892338418
2005-12-23,True,False,"(1, 1, 2, 2)",0.6686863711580526
2005-12-27,True,False,"(2, 1, 2, 2)",0.6700535543609836
2005-12-28,False,True,"(4, 1, 2, 2)",0.667109892338418
2005-12-29,True,False,"(5, 1, 2, 2)",0.6618479372567785
2005-12-30,False,True,,
2006-01-03,True,False,"(5, 1, 2, 2)",0.6920137907162671
2006-01-04,True,False,"(1, 1, 2, 2)",0.7220639844788
2006-01-05,True,False,"(1, 1, 2, 2)",0.5345068306659784
2006-01-06,True,False,"(1, 1, 2, 2)",0.48886214521501514
2006-01-09,True,False,"(1, 1, 2, 2)",0.28124287506037354
2006-01-10,True,False,"(1, 1, 2, 2)",0.3552366050052686
2006-01-11,True,False,"(1, 1, 2, 2)",0.3552366050052686
2006-01-12,True,False,"(3, 1, 2, 2)",0.34907979982048576
2006-01-13,False,True,,
2006-01-17,False,True,,
2006-01-18,False,True,,
2006-01-19,True,False,"(5, 1, 2, 2)",0.5341786283939144
2006-01-20,True,False,,
2006-01-23,False,True,"(2, 1, 2, 2)",0.6726189374862398
2006-01-24,False,True,"(1, 1, 2, 2)",0.46899264181873934
2006-01-25,True,False,"(2, 1, 2, 2)",0.616441569160373
2006-01-26,False,True,"(2, 1, 2, 2)",0.5024265259585928
2006-01-27,False,True,"(1, 1, 2, 2)",0.28604716391707513
2006-01-30,False,True,"(2, 1, 2, 2)",0.2782109434989235
2006-01-31,False,True,"(2, 1, 2, 2)",0.2452010917839298
2006-02-01,False,True,"(1, 1, 2, 2)",0.23629407514462455
2006-02-02,False,True,"(2, 1, 2, 2)",0.3102565694735032
2006-02-03,False,True,,
2006-02-06,True,False,"(3, 1, 2, 2)",0.6503143186347464
2006-02-07,False,True,,
2006-02-08,False,True,,
2006-02-09,False,True,,
2006-02-10,True,False,"(2, 1, 2, 2)",0.6709759652333322
2006-02-13,True,False,"(2, 1, 2, 2)",0.6853396064601546
2006-02-14,True,False,"(1, 1, 2, 2)",0.6830138079100048
2006-02-15,True,False,"(1, 1, 2, 2)",0.715102785491297
2006-02-16,True,False,"(1, 1, 2, 2)",0.6575176749814667
2006-02-17,True,False,"(1, 1, 2, 2)",0.48886214521501514
2006-02-21,True,False,"(1, 1, 2, 2)",0.48886214521501514
2006-02-22,True,False,"(1, 1, 2, 2)",0.3552366050052686
2006-02-23,True,False,"(2, 1, 2, 2)",0.36141856910107656
2006-02-24,False,True,"(3, 1, 2, 2)",0.4061002570444522
2006-02-27,False,True,"(3, 1, 2, 2)",0.49105462708190967
2006-02-28,True,False,"(5, 1, 2, 2)",0.6565762408391697
2006-03-01,True,False,"(5, 1, 2, 2)",0.6492668040160874
2006-03-02,True,False,"(2, 1, 2, 2)",0.6691275966856015
2006-03-03,False,True,,
2006-03-06,True,False,"(3, 1, 2, 2)",0.6680831641695469
2006-03-07,True,False,"(2, 1, 2, 2)",0.6704297525245879
2006-03-08,False,True,"(2, 1, 2, 2)",0.6677584791106743
2006-03-09,True,False,"(1, 1, 2, 2)",0.6691275966856015
2006-03-10,True,False,"(1, 1, 2, 2)",0.6023946986344474
2006-03-13,True,False,"(2, 1, 2, 2)",0.6546899692495795
2006-03-14,True,False,"(2, 1, 2, 2)",0.6301739794896943
2006-03-15,True,False,"(1, 1, 2, 2)",0.28604716391707513
2006-03-16,True,False,"(1, 1, 2, 2)",0.35049109713089643
2006-03-17,True,False,"(1, 1, 2, 2)",0.3545331064697146
2006-03-20,True,False,"(3, 1, 2, 2)",0.2743161863084804
2006-03-21,False,True,"(5, 1, 2, 2)",0.4420181411326549
2006-03-22,False,True,"(3, 1, 2, 2)",0.37809926791629256
2006-03-23,False,True,"(1, 1, 2, 2)",0.3200184084825913
2006-03-24,False,True,"(2, 1, 2, 2)",0.40836125622623487
2006-03-27,False,True,,
2006-03-28,False,True,,
2006-03-29,False,True,"(1, 1, 2, 2)",0.23629407514462455
2006-03-30,False,True,"(2, 1, 2, 2)",0.21791568811435783
2006-03-31,False,True,"(2, 1, 2, 2)",0.21791568811435783
2006-04-03,False,True,,
2006-04-04,False,True,,
2006-04-05,False,True,"(5, 1, 2, 2)",0.21791568811435783
2006-04-06,False,True,"(2, 1, 2, 2)",0.26554674971365255
2006-04-07,False,True,,
2006-04-10,False,True,,
2006-04-11,False,True,,
2006-04-12,False,True,,
2006-04-13,False,True,,
2006-04-17,False,True,,
2006-04-18,False,True,,
2006-04-19,False,True,"(1, 1, 2, 2)",0.21791568811435783
2006-04-20,False,True,"(1, 1, 2, 2)",0.21791568811435783
2006-04-21,False,True,"(1, 1, 2, 2)",0.21791568811435783
2006-04-24,False,True,"(4, 1, 2, 2)",0.28128561103935606
2006-04-25,False,True,"(5, 1, 2, 2)",0.435721523108399
2006-04-26,False,True,,
2006-04-27,False,True,"(4, 1, 2, 2)",0.28128561103935606
2006-04-28,False,True,"(1, 1, 2, 2)",0.2955469345569028
2006-05-01,False,True,,
2006-05-02,False,True,,
2006-05-03,True,False,"(3, 1, 2, 2)",0.6627591646924206
2006-05-04,False,True,"(1, 1, 2, 2)",0.3554674047413911
2006-05-05,False,True,"(1, 1, 2, 2)",0.23629407514462455
2006-05-08,False,True,"(1, 1, 2, 2)",0.26703492567261444
2006-05-09,False,True,"(1, 1, 2, 2)",0.23629407514462455
2006-05-10,False,True,"(1, 1, 2, 2)",0.23629407514462455
2006-05-11,False,True,,
2006-05-12,False,True,,
2006-05-15,False,True,"(3, 1, 2, 2)",0.21791568811435783
2006-05-16,False,True,"(4, 1, 2, 2)",0.2905198532797404
2006-05-17,False,True,,
2006-05-18,False,True,,
2006-05-19,False,True,,
2006-05-22,False,True,,
2006-05-23,False,True,,
2006-05-24,False,True,,
2006-05-25,True,False,"(1, 1, 2, 2)",0.6750177691581386
2006-05-26,True,False,"(1, 1, 2, 2)",0.49755257692013954
2006-05-30,True,False,"(2, 1, 2, 2)",0.675796570218961
2006-05-31,False,True,"(4, 1, 2, 2)",0.6533559370596937
2006-06-01,False,True,"(3, 1, 2, 2)",0.2458016510258992
2006-06-02,False,True,"(1, 1, 2, 2)",0.28124287506037354
2006-06-05,False,True,"(1, 1, 2, 2)",0.2887589211577214
2006-06-06,False,True,"(3, 1, 2, 2)",0.3380800840185384
2006-06-07,False,True,"(2, 1, 2, 2)",0.3034354634721743
2006-06-08,False,True,"(5, 1, 2, 2)",0.3544070876000944
2006-06-09,False,True,"(4, 1, 2, 2)",0.23629407514462455
2006-06-12,False,True,,
2006-06-13,False,True,,
2006-06-14,False,True,,
2006-06-15,False,True,,
2006-06-16,False,True,"(1, 1, 2, 2)",0.30615899645766464
2006-06-19,True,False,"(3, 1, 2, 2)",0.6455074405796929
2006-06-20,False,True,"(4, 1, 2, 2)",0.6709759652333322
2006-06-21,True,False,"(3, 1, 2, 2)",0.5593652320138098
2006-06-22,True,False,"(2, 1, 2, 2)",0.6709759652333322
2006-06-23,False,True,,
2006-06-26,False,True,,
2006-06-27,True,False,"(2, 1, 2, 2)",0.6725431223473848
2006-06-28,True,False,"(2, 1, 2, 2)",0.6891739896035343
2006-06-29,True,False,"(1, 1, 2, 2)",0.6766365860217711
2006-06-30,True,False,"(1, 1, 2, 2)",0.5492996272956305
2006-07-03,True,False,"(1, 1, 2, 2)",0.28124287506037354
2006-07-05,True,False,"(2, 1, 2, 2)",0.3654763949510479
2006-07-06,True,False,"(2, 1, 2, 2)",0.29796803520344994
2006-07-07,True,False,"(4, 1, 2, 2)",0.3985659025002306
2006-07-10,True,False,"(2, 1, 2, 2)",0.34076639565048145
2006-07-11,True,False,"(2, 1, 2, 2)",0.34907979982048576
2006-07-12,True,False,"(2, 1, 2, 2)",0.34907979982048576
2006-07-13,True,False,,
2006-07-14,False,True,,
2006-07-17,False,True,,
2006-07-18,True,False,"(4, 1, 2, 2)",0.6680140527602876
2006-07-19,True,False,"(1, 1, 2, 2)",0.2429982311461134
2006-07-20,True,False,"(2, 1, 2, 2)",0.5343148560423211
2006-07-21,False,True,"(4, 1, 2, 2)",0.669466676754785
2006-07-24,True,False,"(3, 1, 2, 2)",0.640891556297164
2006-07-25,False,True,"(1, 1, 2, 2)",0.3918449334879474
2006-07-26,False,True,"(1, 1, 2, 2)",0.3893827442164981
2006-07-27,False,True,"(3, 1, 2, 2)",0.4800186832962548
2006-07-28,False,True,"(2, 1, 2, 2)",0.27581989421452685
2006-07-31,False,True,"(2, 1, 2, 2)",0.4005394958168548
2006-08-01,False,True,"(3, 1, 2, 2)",0.3832783406895653
2006-08-02,False,True,"(4, 1, 2, 2)",0.4682559449840204
2006-08-03,False,True,"(4, 1, 2, 2)",0.2452010917839298
2006-08-04,False,True,"(1, 1, 2, 2)",0.34214119189995423
2006-08-07,False,True,"(2, 1, 2, 2)",0.28604716391707513
2006-08-08,False,True,,
2006-08-09,False,True,,
2006-08-10,True,False,"(4, 1, 2, 2)",0.6724219844888114
2006-08-11,False,True,,
2006-08-14,False,True,,
2006-08-15,True,False,"(1, 1, 2, 2)",0.6809843842712973
2006-08-16,True,False,"(1, 1, 2, 2)",0.6809843842712973
2006-08-17,True,False,"(1, 1, 2, 2)",0.6479941888421592
2006-08-18,True,False,"(1, 1, 2, 2)",0.6741632604174516
2006-08-21,True,False,"(1, 1, 2, 2)",0.524362781573807
2006-08-22,True,False,"(1, 1, 2, 2)",0.3827386721383008
2006-08-23,True,False,"(3, 1, 2, 2)",0.6616023922911766
2006-08-24,False,True,"(2, 1, 2, 2)",0.6616023922911766
2006-08-25,True,False,"(3, 1, 2, 2)",0.6805598851767062
2006-08-28,True,False,"(4, 1, 2, 2)",0.6178378956712273
2006-08-29,True,False,"(2, 1, 2, 2)",0.6484848507427475
2006-08-30,True,False,"(2, 1, 2, 2)",0.43082383437870814
2006-08-31,True,False,"(2, 1, 2, 2)",0.6165521305279635
2006-09-01,True,False,"(3, 1, 2, 2)",0.6616023922911766
2006-09-05,True,False,"(3, 1, 2, 2)",0.6165023263646611
2006-09-06,True,False,"(2, 1, 2, 2)",0.6731545762395398
2006-09-07,False,True,,
2006-09-08,True,False,"(3, 1, 2, 2)",0.6739949740531364
2006-09-11,True,False,"(1, 1, 2, 2)",0.6685727286290662
2006-09-12,True,False,"(1, 1, 2, 2)",0.40291653204561034
2006-09-13,True,False,"(1, 1, 2, 2)",0.28604716391707513
2006-09-14,True,False,"(2, 1, 2, 2)",0.28604716391707513
2006-09-15,True,False,"(2, 1, 2, 2)",0.28604716391707513
2006-09-18,True,False,"(4, 1, 2, 2)",0.3961975017691199
2006-09-19,True,False,"(2, 1, 2, 2)",0.2429982311461134
2006-09-20,True,False,"(2, 1, 2, 2)",0.3961975017691199
2006-09-21,False,True,,
2006-09-22,True,False,"(3, 1, 2, 2)",0.6310880411099888
2006-09-25,True,False,"(4, 1, 2, 2)",0.6477102174100925
2006-09-26,True,False,"(5, 1, 2, 2)",0.6659704575479947
2006-09-27,True,False,"(1, 1, 2, 2)",0.6446729251135775
2006-09-28,True,False,"(2, 1, 2, 2)",0.6675496433320633
2006-09-29,False,True,"(3, 1, 2, 2)",0.6753415333444068
2006-10-02,True,False,"(4, 1, 2, 2)",0.6694876993351704
2006-10-03,True,False,"(4, 1, 2, 2)",0.6871180194863935
2006-10-04,True,False,"(1, 1, 2, 2)",0.6025382164405673
2006-10-05,True,False,"(1, 1, 2, 2)",0.4280859814041964
2006-10-06,True,False,"(3, 1, 2, 2)",0.6796345922231151
2006-10-09,False,True,"(2, 1, 2, 2)",0.6152954416789116
2006-10-10,True,False,"(1, 1, 2, 2)",0.66131633348727
2006-10-11,True,False,"(4, 1, 2, 2)",0.6776635518090725
2006-10-12,True,False,"(2, 1, 2, 2)",0.6631100526945142
2006-10-13,True,False,"(1, 1, 2, 2)",0.41076295196629786
2006-10-16,True,False,"(1, 1, 2, 2)",0.42175346100054534
2006-10-17,True,False,"(3, 1, 2, 2)",0.5489042223556907
2006-10-18,True,False,"(2, 1, 2, 2)",0.40615974017815976
2006-10-19,True,False,"(2, 1, 2, 2)",0.5120259779223857
2006-10-20,False,True,"(3, 1, 2, 2)",0.4946690032405232
2006-10-23,False,True,"(3, 1, 2, 2)",0.3853406198402149
2006-10-24,False,True,"(2, 1, 2, 2)",0.4249865218711054
2006-10-25,False,True,"(2, 1, 2, 2)",0.3202990968302438
2006-10-26,False,True,"(1, 1, 2, 2)",0.2770610773968036
2006-10-27,False,True,"(2, 1, 2, 2)",0.27581989421452685
2006-10-30,False,True,"(2, 1, 2, 2)",0.23629407514462455
2006-10-31,False,True,"(2, 1, 2, 2)",0.2736270496676303
2006-11-01,False,True,"(5, 1, 2, 2)",0.21791568811435783
2006-11-02,False,True,,
2006-11-03,False,True,,
2006-11-06,True,False,"(5, 1, 2, 2)",0.669466676754785
2006-11-07,False,True,,
2006-11-08,False,True,,
2006-11-09,True,False,"(1, 1, 2, 2)",0.6724219844888114
2006-11-10,True,False,"(1, 1, 2, 2)",0.6864998490508643
2006-11-13,True,False,"(1, 1, 2, 2)",0.6857883874609915
2006-11-14,True,False,"(1, 1, 2, 2)",0.6914422770661802
2006-11-15,True,False,"(1, 1, 2, 2)",0.7183134675038556
2006-11-16,True,False,"(1, 1, 2, 2)",0.7183134675038556
2006-11-17,True,False,"(2, 1, 2, 2)",0.7039372780648078
2006-11-20,True,False,"(2, 1, 2, 2)",0.49133372571777956
2006-11-21,True,False,"(1, 1, 2, 2)",0.35849971397895747
2006-11-22,True,False,"(1, 1, 2, 2)",0.35849971397895747
2006-11-24,True,False,"(1, 1, 2, 2)",0.35849971397895747
2006-11-27,True,False,"(5, 1, 2, 2)",0.677642798867006
2006-11-28,False,True,"(2, 1, 2, 2)",0.6723997325331266
2006-11-29,False,True,"(1, 1, 2, 2)",0.4431140654479136
2006-11-30,False,True,"(1, 1, 2, 2)",0.34074587777167303
2006-12-01,False,True,"(2, 1, 2, 2)",0.37138832341080297
2006-12-04,False,True,"(2, 1, 2, 2)",0.33083770861949646
2006-12-05,False,True,"(2, 1, 2, 2)",0.26703492567261444
2006-12-06,False,True,"(3, 1, 2, 2)",0.23629407514462455
2006-12-07,False,True,,
2006-12-08,False,True,"(4, 1, 2, 2)",0.25681895095330975
2006-12-11,False,True,"(1, 1, 2, 2)",0.21791568811435783
2006-12-12,False,True,"(2, 1, 2, 2)",0.21791568811435783
2006-12-13,False,True,,
2006-12-14,False,True,,
2006-12-15,False,True,,
2006-12-18,False,True,,
2006-12-19,False,True,,
2006-12-20,False,True,,
2006-12-21,False,True,,
2006-12-22,False,True,,
2006-12-26,False,True,,
2006-12-27,True,False,"(1, 1, 2, 2)",0.6449689397576619
2006-12-28,True,False,"(1, 1, 2, 2)",0.6605041962146576
2006-12-29,True,False,"(2, 1, 2, 2)",0.6671796774728824
2007-01-03,True,False,"(2, 1, 2, 2)",0.6861583587583053
2007-01-04,True,False,"(2, 1, 2, 2)",0.7129151353818531
2007-01-05,False,True,,
2007-01-08,False,True,,
2007-01-09,True,False,"(4, 1, 2, 2)",0.669466676754785
2007-01-10,True,False,"(1, 1, 2, 2)",0.7118786746979642
2007-01-11,True,False,"(1, 1, 2, 2)",0.7121961721929898
2007-01-12,True,False,"(1, 1, 2, 2)",0.7121961721929898
2007-01-16,True,False,"(1, 1, 2, 2)",0.5452255890192139
2007-01-17,True,False,"(1, 1, 2, 2)",0.5877368592945802
2007-01-18,True,False,"(3, 1, 2, 2)",0.7006759841401744
2007-01-19,True,False,"(2, 1, 2, 2)",0.7121961721929898
2007-01-22,True,False,"(2, 1, 2, 2)",0.7047851104770313
2007-01-23,False,True,"(2, 1, 2, 2)",0.6994307407554509
2007-01-24,True,False,"(1, 1, 2, 2)",0.7191365569205068
2007-01-25,True,False,"(1, 1, 2, 2)",0.7104806867329048
2007-01-26,True,False,"(1, 1, 2, 2)",0.6995175688811383
2007-01-29,True,False,"(1, 1, 2, 2)",0.6949452701158488
2007-01-30,True,False,"(1, 1, 2, 2)",0.6995175688811383
2007-01-31,True,False,"(1, 1, 2, 2)",0.41076295196629786
2007-02-01,True,False,"(2, 1, 2, 2)",0.6166318323629412
2007-02-02,True,False,"(2, 1, 2, 2)",0.3985659025002306
2007-02-05,True,False,"(2, 1, 2, 2)",0.5525225445960562
2007-02-06,True,False,"(2, 1, 2, 2)",0.34214119189995423
2007-02-07,True,False,"(1, 1, 2, 2)",0.35049109713089643
2007-02-08,True,False,"(2, 1, 2, 2)",0.35049109713089643
2007-02-09,False,True,"(4, 1, 2, 2)",0.33624476291631505
2007-02-12,False,True,,
2007-02-13,False,True,"(4, 1, 2, 2)",0.2429982311461134
2007-02-14,False,True,"(2, 1, 2, 2)",0.25887065340445414
2007-02-15,False,True,"(2, 1, 2, 2)",0.21791568811435783
2007-02-16,False,True,"(2, 1, 2, 2)",0.21791568811435783
2007-02-20,False,True,"(2, 1, 2, 2)",0.21791568811435783
2007-02-21,False,True,"(2, 1, 2, 2)",0.21791568811435783
2007-02-22,False,True,"(5, 1, 2, 2)",0.21791568811435783
2007-02-23,False,True,,
2007-02-26,False,True,,
2007-02-27,False,True,,
2007-02-28,False,True,,
2007-03-01,False,True,,
2007-03-02,False,True,,
2007-03-05,False,True,,
2007-03-06,False,True,,
2007-03-07,False,True,,
2007-03-08,False,True,,
2007-03-09,False,True,"(1, 1, 2, 2)",0.26554674971365255
2007-03-12,False,True,"(1, 1, 2, 2)",0.21791568811435783
2007-03-13,True,False,"(4, 1, 2, 2)",0.6309304511775903
2007-03-14,False,True,"(2, 1, 2, 2)",0.5689554666496857
2007-03-15,False,True,"(1, 1, 2, 2)",0.302170807164884
2007-03-16,True,False,"(2, 1, 2, 2)",0.5689554666496857
2007-03-19,True,False,"(2, 1, 2, 2)",0.28128561103935606
2007-03-20,True,False,"(1, 1, 2, 2)",0.25681895095330975
2007-03-21,True,False,"(1, 1, 2, 2)",0.23629407514462455
2007-03-22,True,False,"(2, 1, 2, 2)",0.23629407514462455
2007-03-23,False,True,"(3, 1, 2, 2)",0.21791568811435783
2007-03-26,True,False,"(5, 1, 2, 2)",0.6043328791534298
2007-03-27,False,True,,
2007-03-28,False,True,,
2007-03-29,False,True,,
2007-03-30,True,False,"(1, 1, 2, 2)",0.669466676754785
2007-04-02,True,False,"(1, 1, 2, 2)",0.4101691249750477
2007-04-03,True,False,"(1, 1, 2, 2)",0.21791568811435783
2007-04-04,True,False,"(2, 1, 2, 2)",0.3350669627087775
2007-04-05,False,True,"(2, 1, 2, 2)",0.296635496591881
2007-04-09,False,True,"(3, 1, 2, 2)",0.296635496591881
2007-04-10,False,True,"(4, 1, 2, 2)",0.32506552748165346
2007-04-11,False,True,,
2007-04-12,False,True,,
2007-04-13,True,False,"(3, 1, 2, 2)",0.6474023776901893
2007-04-16,True,False,"(2, 1, 2, 2)",0.6488387256036359
2007-04-17,True,False,"(2, 1, 2, 2)",0.2452010917839298
2007-04-18,True,False,"(2, 1, 2, 2)",0.3350669627087775
2007-04-19,False,True,"(3, 1, 2, 2)",0.6274708307546998
2007-04-20,False,True,"(3, 1, 2, 2)",0.21791568811435783
2007-04-23,False,True,"(1, 1, 2, 2)",0.23629407514462455
2007-04-24,False,True,"(2, 1, 2, 2)",0.21791568811435783
2007-04-25,False,True,"(2, 1, 2, 2)",0.21791568811435783
2007-04-26,False,True,"(1, 1, 2, 2)",0.21791568811435783
2007-04-27,False,True,"(5, 1, 2, 2)",0.21791568811435783
2007-04-30,False,True,,
2007-05-01,False,True,,
2007-05-02,False,True,,
2007-05-03,False,True,"(1, 1, 2, 2)",0.25267541074713357
2007-05-04,False,True,"(3, 1, 2, 2)",0.28128561103935606
2007-05-07,False,True,"(2, 1, 2, 2)",0.21791568811435783
2007-05-08,False,True,,
2007-05-09,False,True,,
2007-05-10,False,True,"(2, 1, 2, 2)",0.21791568811435783
2007-05-11,False,True,"(2, 1, 2, 2)",0.21791568811435783
2007-05-14,False,True,"(2, 1, 2, 2)",0.21791568811435783
2007-05-15,False,True,,
2007-05-16,False,True,,
2007-05-17,False,True,,
2007-05-18,False,True,,
2007-05-21,False,True,,
2007-05-22,True,False,"(1, 1, 2, 2)",0.6309304511775903
2007-05-23,True,False,"(2, 1, 2, 2)",0.6309304511775903
2007-05-24,False,True,,
2007-05-25,True,False,"(3, 1, 2, 2)",0.6309304511775903
2007-05-29,False,True,"(1, 1, 2, 2)",0.21791568811435783
2007-05-30,False,True,"(1, 1, 2, 2)",0.24006488539453635
2007-05-31,False,True,"(2, 1, 2, 2)",0.27847251274003937
2007-06-01,False,True,"(3, 1, 2, 2)",0.27847251274003937
2007-06-04,False,True,"(3, 1, 2, 2)",0.3437265332921013
2007-06-05,False,True,"(5, 1, 2, 2)",0.2430150328327126
2007-06-06,False,True,,
2007-06-07,False,True,,
2007-06-08,False,True,"(4, 1, 2, 2)",0.21791568811435783
2007-06-11,False,True,"(5, 1, 2, 2)",0.3990777812249924
2007-06-12,False,True,,
2007-06-13,False,True,,
2007-06-14,False,True,,
2007-06-15,False,True,,
2007-06-18,False,True,"(4, 1, 2, 2)",0.21791568811435783
2007-06-19,False,True,"(2, 1, 2, 2)",0.21791568811435783
2007-06-20,False,True,,
2007-06-21,False,True,,
2007-06-22,False,True,,
2007-06-25,False,True,,
2007-06-26,False,True,,
2007-06-27,False,True,,
2007-06-28,True,False,"(2, 1, 2, 2)",0.629402220724545
2007-06-29,False,True,,
2007-07-02,False,True,,
2007-07-03,False,True,"(2, 1, 2, 2)",0.2905198532797404
2007-07-05,False,True,"(2, 1, 2, 2)",0.23629407514462455
2007-07-06,False,True,"(2, 1, 2, 2)",0.23629407514462455
2007-07-09,False,True,"(2, 1, 2, 2)",0.2430150328327126
2007-07-10,False,True,,
2007-07-11,False,True,,
2007-07-12,False,True,"(3, 1, 2, 2)",0.21791568811435783
2007-07-13,False,True,"(1, 1, 2, 2)",0.21791568811435783
2007-07-16,False,True,"(2, 1, 2, 2)",0.21791568811435783
2007-07-17,False,True,,
2007-07-18,False,True,,
2007-07-19,False,True,,
2007-07-20,False,True,,
2007-07-23,False,True,,
2007-07-24,False,True,,
2007-07-25,False,True,,
2007-07-26,False,True,,
2007-07-27,False,True,,
2007-07-30,False,True,,
2007-07-31,False,True,,
2007-08-01,False,True,,
2007-08-02,False,True,"(1, 1, 2, 2)",0.25158001626241894
2007-08-03,False,True,,
2007-08-06,False,True,"(2, 1, 2, 2)",0.3735615191412516
2007-08-07,False,True,"(1, 1, 2, 2)",0.3060100602375098
2007-08-08,False,True,"(1, 1, 2, 2)",0.24006488539453635
2007-08-09,False,True,"(2, 1, 2, 2)",0.2468584284810397
2007-08-10,False,True,"(3, 1, 2, 2)",0.4639637763855429
2007-08-13,False,True,,
2007-08-14,False,True,,
2007-08-15,False,True,,
2007-08-16,False,True,,
2007-08-17,True,False,"(1, 1, 2, 2)",0.5687951517638729
2007-08-20,True,False,"(1, 1, 2, 2)",0.3516617350810337
2007-08-21,True,False,"(1, 1, 2, 2)",0.26703492567261444
2007-08-22,True,False,"(1, 1, 2, 2)",0.26766999738911385
2007-08-23,True,False,"(2, 1, 2, 2)",0.2743161863084804
2007-08-24,False,True,"(4, 1, 2, 2)",0.2242674119498952
2007-08-27,False,True,,
2007-08-28,False,True,,
2007-08-29,True,False,"(5, 1, 2, 2)",0.5857090611582676
2007-08-30,True,False,"(1, 1, 2, 2)",0.5566922933734791
2007-08-31,True,False,"(1, 1, 2, 2)",0.2452010917839298
2007-09-04,True,False,"(1, 1, 2, 2)",0.26367984186496135
2007-09-05,True,False,"(3, 1, 2, 2)",0.5579882824967759
2007-09-06,False,True,"(2, 1, 2, 2)",0.4217839853490642
2007-09-07,False,True,,
2007-09-10,False,True,,
2007-09-11,True,False,"(5, 1, 2, 2)",0.5857090611582676
2007-09-12,True,False,"(1, 1, 2, 2)",0.669466676754785
2007-09-13,True,False,"(1, 1, 2, 2)",0.6862175425496354
2007-09-14,True,False,"(1, 1, 2, 2)",0.6876393904008248
2007-09-17,True,False,"(2, 1, 2, 2)",0.677642798867006
2007-09-18,True,False,"(2, 1, 2, 2)",0.2452010917839298
2007-09-19,True,False,"(1, 1, 2, 2)",0.3545331064697146
2007-09-20,True,False,"(2, 1, 2, 2)",0.3773880047958812
2007-09-21,False,True,"(2, 1, 2, 2)",0.4194607757989189
2007-09-24,False,True,"(1, 1, 2, 2)",0.3985659025002306
2007-09-25,False,True,,
2007-09-26,True,False,"(2, 1, 2, 2)",0.6696645337026362
2007-09-27,True,False,"(1, 1, 2, 2)",0.6709536631179276
2007-09-28,True,False,"(2, 1, 2, 2)",0.6709536631179276
2007-10-01,True,False,"(2, 1, 2, 2)",0.41384454985215224
2007-10-02,True,False,"(1, 1, 2, 2)",0.2770610773968036
2007-10-03,True,False,"(2, 1, 2, 2)",0.2770610773968036
2007-10-04,True,False,"(2, 1, 2, 2)",0.26703492567261444
2007-10-05,True,False,"(1, 1, 2, 2)",0.35049109713089643
2007-10-08,True,False,"(2, 1, 2, 2)",0.2743161863084804
2007-10-09,False,True,"(2, 1, 2, 2)",0.3390539294466282
2007-10-10,False,True,"(3, 1, 2, 2)",0.3390539294466282
2007-10-11,False,True,"(5, 1, 2, 2)",0.23629407514462455
2007-10-12,False,True,,
2007-10-15,False,True,,
2007-10-16,False,True,,
2007-10-17,False,True,,
2007-10-18,False,True,,
2007-10-19,False,True,,
2007-10-22,False,True,,
2007-10-23,False,True,"(1, 1, 2, 2)",0.3554674047413911
2007-10-24,False,True,"(2, 1, 2, 2)",0.2905198532797404
2007-10-25,False,True,,
2007-10-26,False,True,,
2007-10-29,False,True,"(2, 1, 2, 2)",0.21791568811435783
2007-10-30,False,True,"(2, 1, 2, 2)",0.21791568811435783
2007-10-31,False,True,"(1, 1, 2, 2)",0.2214756075964569
2007-11-01,False,True,,
2007-11-02,False,True,,
2007-11-05,False,True,,
2007-11-06,False,True,"(4, 1, 2, 2)",0.26554674971365255
2007-11-07,False,True,,
2007-11-08,False,True,,
2007-11-09,False,True,,
2007-11-12,False,True,,
2007-11-13,False,True,"(1, 1, 2, 2)",0.21791568811435783
2007-11-14,False,True,"(2, 1, 2, 2)",0.21791568811435783
2007-11-15,False,True,"(3, 1, 2, 2)",0.21791568811435783
2007-11-16,False,True,,
2007-11-19,False,True,,
2007-11-20,False,True,,
2007-11-21,False,True,,
2007-11-23,False,True,,
2007-11-26,False,True,,
2007-11-27,True,False,"(2, 1, 2, 2)",0.5118272893472395
2007-11-28,False,True,"(1, 1, 2, 2)",0.48180919871908784
2007-11-29,False,True,"(1, 1, 2, 2)",0.3299211422915104
2007-11-30,False,True,"(1, 1, 2, 2)",0.2886425341734294
2007-12-03,False,True,"(2, 1, 2, 2)",0.21791568811435783
2007-12-04,True,False,"(5, 1, 2, 2)",0.6085913445156451
2007-12-05,False,True,"(3, 1, 2, 2)",0.2242674119498952
2007-12-06,False,True,"(1, 1, 2, 2)",0.3041405150223859
2007-12-07,False,True,"(2, 1, 2, 2)",0.35122953836078064
2007-12-10,False,True,"(2, 1, 2, 2)",0.35849971397895747
2007-12-11,False,True,"(5, 1, 2, 2)",0.2752993585261539
2007-12-12,False,True,"(2, 1, 2, 2)",0.21791568811435783
2007-12-13,False,True,,
2007-12-14,False,True,,
2007-12-17,False,True,,
2007-12-18,False,True,,
2007-12-19,False,True,"(1, 1, 2, 2)",0.47789297526954594
2007-12-20,False,True,"(1, 1, 2, 2)",0.2905198532797404
2007-12-21,False,True,"(1, 1, 2, 2)",0.21791568811435783
2007-12-24,False,True,"(1, 1, 2, 2)",0.21791568811435783
2007-12-26,False,True,"(2, 1, 2, 2)",0.21791568811435783
2007-12-27,False,True,"(4, 1, 2, 2)",0.21791568811435783
2007-12-28,False,True,,
2007-12-31,False,True,"(4, 1, 2, 2)",0.21791568811435783
2008-01-02,False,True,,
2008-01-03,False,True,,
2008-01-04,False,True,,
2008-01-07,False,True,,
2008-01-08,False,True,,
2008-01-09,False,True,,
2008-01-10,True,False,"(1, 1, 2, 2)",0.5118272893472395
2008-01-11,True,False,"(2, 1, 2, 2)",0.5118272893472395
2008-01-14,False,True,,
2008-01-15,False,True,,
2008-01-16,False,True,,
2008-01-17,False,True,,
2008-01-18,False,True,,
2008-01-22,False,True,,
2008-01-23,False,True,"(1, 1, 2, 2)",0.3030562455069862
2008-01-24,False,True,"(2, 1, 2, 2)",0.35849971397895747
2008-01-25,True,False,"(3, 1, 2, 2)",0.522220289931732
2008-01-28,False,True,"(3, 1, 2, 2)",0.31090308230312486
2008-01-29,False,True,"(2, 1, 2, 2)",0.3397808798087517
2008-01-30,False,True,"(3, 1, 2, 2)",0.4933252895821984
2008-01-31,False,True,"(3, 1, 2, 2)",0.30345476884407463
2008-02-01,False,True,"(1, 1, 2, 2)",0.3390539294466282
2008-02-04,False,True,"(2, 1, 2, 2)",0.3390539294466282
2008-02-05,False,True,"(4, 1, 2, 2)",0.28014906098412373
2008-02-06,False,True,,
2008-02-07,False,True,"(4, 1, 2, 2)",0.21791568811435783
2008-02-08,False,True,,
2008-02-11,False,True,,
2008-02-12,False,True,,
2008-02-13,False,True,"(1, 1, 2, 2)",0.40836125622623487
2008-02-14,True,False,"(3, 1, 2, 2)",0.5530889620580196
2008-02-15,False,True,,
2008-02-19,False,True,,
2008-02-20,False,True,,
2008-02-21,True,False,"(2, 1, 2, 2)",0.578372316532889
2008-02-22,True,False,"(2, 1, 2, 2)",0.21791568811435783
2008-02-25,True,False,"(1, 1, 2, 2)",0.23629407514462455
2008-02-26,True,False,"(2, 1, 2, 2)",0.34214119189995423
2008-02-27,False,True,"(3, 1, 2, 2)",0.21791568811435783
2008-02-28,False,True,"(4, 1, 2, 2)",0.21791568811435783
2008-02-29,False,True,,
2008-03-03,False,True,"(5, 1, 2, 2)",0.29848282177551
2008-03-04,False,True,,
2008-03-05,False,True,,
2008-03-06,False,True,,
2008-03-07,False,True,,
2008-03-10,False,True,,
2008-03-11,False,True,,
2008-03-12,True,False,"(2, 1, 2, 2)",0.581608531984206
2008-03-13,False,True,"(2, 1, 2, 2)",0.589851018198618
2008-03-14,True,False,"(4, 1, 2, 2)",0.5841896404506913
2008-03-17,True,False,"(5, 1, 2, 2)",0.5789870180152648
2008-03-18,False,True,"(5, 1, 2, 2)",0.426548495166311
2008-03-19,True,False,"(2, 1, 2, 2)",0.6230390547218598
2008-03-20,True,False,"(2, 1, 2, 2)",0.30345476884407463
2008-03-24,True,False,"(1, 1, 2, 2)",0.35122953836078064
2008-03-25,True,False,"(1, 1, 2, 2)",0.35049109713089643
2008-03-26,True,False,"(4, 1, 2, 2)",0.5795259007405885
2008-03-27,False,True,"(5, 1, 2, 2)",0.5859260448002245
2008-03-28,False,True,,
2008-03-31,True,False,"(4, 1, 2, 2)",0.5858425150764267
2008-04-01,False,True,"(1, 1, 2, 2)",0.29571524727542686
2008-04-02,False,True,"(1, 1, 2, 2)",0.33083770861949646
2008-04-03,False,True,"(1, 1, 2, 2)",0.34214119189995423
2008-04-04,False,True,"(2, 1, 2, 2)",0.26703492567261444
2008-04-07,False,True,"(3, 1, 2, 2)",0.2743161863084804
2008-04-08,False,True,,
2008-04-09,False,True,,
2008-04-10,False,True,,
2008-04-11,False,True,,
2008-04-14,False,True,,
2008-04-15,False,True,,
2008-04-16,False,True,"(1, 1, 2, 2)",0.39584287878565444
2008-04-17,False,True,"(1, 1, 2, 2)",0.35400528073406
2008-04-18,False,True,"(1, 1, 2, 2)",0.3661340024132157
2008-04-21,True,False,"(4, 1, 2, 2)",0.6186077821176027
2008-04-22,False,True,"(5, 1, 2, 2)",0.6709536631179276
2008-04-23,False,True,"(3, 1, 2, 2)",0.44157950161593085
2008-04-24,False,True,"(1, 1, 2, 2)",0.30345476884407463
2008-04-25,False,True,"(1, 1, 2, 2)",0.35049109713089643
2008-04-28,False,True,"(1, 1, 2, 2)",0.3390539294466282
2008-04-29,False,True,"(4, 1, 2, 2)",0.41144746939883947
2008-04-30,False,True,,
2008-05-01,False,True,"(3, 1, 2, 2)",0.39348007286981806
2008-05-02,False,True,"(1, 1, 2, 2)",0.3307971717355096
2008-05-05,False,True,"(3, 1, 2, 2)",0.3413945569486013
2008-05-06,False,True,"(2, 1, 2, 2)",0.21791568811435783
2008-05-07,True,False,"(5, 1, 2, 2)",0.6680140527602876
2008-05-08,False,True,,
2008-05-09,False,True,,
2008-05-12,False,True,"(4, 1, 2, 2)",0.3554674047413911
2008-05-13,False,True,"(1, 1, 2, 2)",0.2905198532797404
2008-05-14,False,True,"(1, 1, 2, 2)",0.21791568811435783
2008-05-15,False,True,"(1, 1, 2, 2)",0.23629407514462455
2008-05-16,False,True,"(2, 1, 2, 2)",0.21791568811435783
2008-05-19,False,True,"(2, 1, 2, 2)",0.23629407514462455
2008-05-20,False,True,,
2008-05-21,False,True,,
2008-05-22,False,True,,
2008-05-23,False,True,,
2008-05-27,True,False,"(5, 1, 2, 2)",0.5722763701528114
2008-05-28,True,False,"(1, 1, 2, 2)",0.28128561103935606
2008-05-29,True,False,"(1, 1, 2, 2)",0.21791568811435783
2008-05-30,True,False,"(2, 1, 2, 2)",0.21791568811435783
2008-06-02,False,True,"(5, 1, 2, 2)",0.28128561103935606
2008-06-03,False,True,"(3, 1, 2, 2)",0.21791568811435783
2008-06-04,False,True,"(1, 1, 2, 2)",0.21791568811435783
2008-06-05,False,True,"(1, 1, 2, 2)",0.23629407514462455
2008-06-06,False,True,,
2008-06-09,False,True,,
2008-06-10,False,True,"(3, 1, 2, 2)",0.4420284910080188
2008-06-11,False,True,,
2008-06-12,True,False,"(5, 1, 2, 2)",0.5673465892365301
2008-06-13,False,True,"(1, 1, 2, 2)",0.21791568811435783
2008-06-16,False,True,"(1, 1, 2, 2)",0.21791568811435783
2008-06-17,False,True,"(3, 1, 2, 2)",0.21791568811435783
2008-06-18,False,True,,
2008-06-19,False,True,"(3, 1, 2, 2)",0.21791568811435783
2008-06-20,False,True,,
2008-06-23,False,True,,
2008-06-24,False,True,,
2008-06-25,False,True,"(1, 1, 2, 2)",0.21791568811435783
2008-06-26,False,True,,
2008-06-27,False,True,,
2008-06-30,False,True,,
2008-07-01,False,True,,
2008-07-02,False,True,,
2008-07-03,False,True,,
2008-07-07,False,True,,
2008-07-08,False,True,,
2008-07-09,False,True,,
2008-07-10,True,False,"(2, 1, 2, 2)",0.52088166542008
2008-07-11,True,False,"(1, 1, 2, 2)",0.5144895482209313
2008-07-14,True,False,,
2008-07-15,False,True,,
2008-07-16,False,True,,
2008-07-17,False,True,"(1, 1, 2, 2)",0.4788318011764436
2008-07-18,False,True,"(1, 1, 2, 2)",0.48329676481627964
2008-07-21,False,True,"(1, 1, 2, 2)",0.4384493967911197
2008-07-22,False,True,"(1, 1, 2, 2)",0.2462875743477037
2008-07-23,False,True,"(1, 1, 2, 2)",0.35849971397895747
2008-07-24,False,True,,
2008-07-25,True,False,"(2, 1, 2, 2)",0.5567982788871756
2008-07-28,False,True,,
2008-07-29,False,True,"(4, 1, 2, 2)",0.33624476291631505
2008-07-30,False,True,"(2, 1, 2, 2)",0.46983355056946624
2008-07-31,True,False,"(3, 1, 2, 2)",0.5858425150764267
2008-08-01,True,False,"(3, 1, 2, 2)",0.5841170076823999
2008-08-04,False,True,,
2008-08-05,False,True,,
2008-08-06,False,True,"(2, 1, 2, 2)",0.21791568811435783
2008-08-07,True,False,"(3, 1, 2, 2)",0.5826992637784069
2008-08-08,False,True,"(3, 1, 2, 2)",0.21791568811435783
2008-08-11,False,True,"(1, 1, 2, 2)",0.34214119189995423
2008-08-12,False,True,"(2, 1, 2, 2)",0.21791568811435783
2008-08-13,False,True,"(4, 1, 2, 2)",0.30615899645766464
2008-08-14,False,True,"(3, 1, 2, 2)",0.21791568811435783
2008-08-15,False,True,"(2, 1, 2, 2)",0.21791568811435783
2008-08-18,False,True,,
2008-08-19,False,True,,
2008-08-20,False,True,,
2008-08-21,False,True,,
2008-08-22,False,True,,
2008-08-25,True,False,"(2, 1, 2, 2)",0.578372316532889
2008-08-26,False,True,"(2, 1, 2, 2)",0.6627591646924206
2008-08-27,True,False,"(1, 1, 2, 2)",0.668026059105211
2008-08-28,True,False,"(1, 1, 2, 2)",0.21791568811435783
2008-08-29,True,False,"(2, 1, 2, 2)",0.3326207794361251
2008-09-02,True,False,"(2, 1, 2, 2)",0.21791568811435783
2008-09-03,True,False,"(1, 1, 2, 2)",0.30345476884407463
2008-09-04,True,False,"(5, 1, 2, 2)",0.6571231089243087
2008-09-05,False,True,"(2, 1, 2, 2)",0.4390163032619134
2008-09-08,False,True,"(1, 1, 2, 2)",0.30345476884407463
2008-09-09,False,True,"(3, 1, 2, 2)",0.40836125622623487
2008-09-10,False,True,"(2, 1, 2, 2)",0.30615899645766464
2008-09-11,False,True,"(1, 1, 2, 2)",0.21791568811435783
2008-09-12,False,True,"(1, 1, 2, 2)",0.2214756075964569
2008-09-15,False,True,,
2008-09-16,False,True,"(2, 1, 2, 2)",0.30229551547863287
2008-09-17,False,True,,
2008-09-18,False,True,,
2008-09-19,False,True,"(1, 1, 2, 2)",0.29571524727542686
2008-09-22,False,True,"(3, 1, 2, 2)",0.21791568811435783
2008-09-23,False,True,"(2, 1, 2, 2)",0.21791568811435783
2008-09-24,False,True,"(5, 1, 2, 2)",0.21791568811435783
2008-09-25,False,True,"(4, 1, 2, 2)",0.21791568811435783
2008-09-26,False,True,"(1, 1, 2, 2)",0.21791568811435783
2008-09-29,False,True,,
2008-09-30,False,True,"(2, 1, 2, 2)",0.21791568811435783
2008-10-01,False,True,"(3, 1, 2, 2)",0.21791568811435783
2008-10-02,False,True,,
2008-10-03,False,True,,
2008-10-06,False,True,,
2008-10-07,False,True,,
2008-10-08,False,True,,
2008-10-09,False,True,,
2008-10-10,False,True,,
2008-10-13,False,True,"(1, 1, 2, 2)",0.21791568811435783
2008-10-14,False,True,"(2, 1, 2, 2)",0.21791568811435783
2008-10-15,False,True,,
2008-10-16,False,True,"(3, 1, 2, 2)",0.25158001626241894
2008-10-17,False,True,"(4, 1, 2, 2)",0.21791568811435783
2008-10-20,False,True,,
2008-10-21,False,True,,
2008-10-22,False,True,,
2008-10-23,False,True,,
2008-10-24,False,True,,
2008-10-27,False,True,,
2008-10-28,False,True,,
2008-10-29,True,False,"(2, 1, 2, 2)",0.5118272893472395
2008-10-30,True,False,"(2, 1, 2, 2)",0.21791568811435783
2008-10-31,True,False,"(1, 1, 2, 2)",0.21791568811435783
2008-11-03,True,False,"(2, 1, 2, 2)",0.21791568811435783
2008-11-04,True,False,"(2, 1, 2, 2)",0.2430150328327126
2008-11-05,True,False,"(5, 1, 2, 2)",0.2242674119498952
2008-11-06,False,True,,
2008-11-07,False,True,"(3, 1, 2, 2)",0.2817801042853804
2008-11-10,False,True,,
2008-11-11,False,True,,
2008-11-12,False,True,,
2008-11-13,False,True,,
2008-11-14,False,True,"(2, 1, 2, 2)",0.4420284910080188
2008-11-17,False,True,,
2008-11-18,False,True,,
2008-11-19,False,True,,
2008-11-20,False,True,,
2008-11-21,False,True,,
2008-11-24,True,False,"(1, 1, 2, 2)",0.5073306518001726
2008-11-25,True,False,"(1, 1, 2, 2)",0.30615899645766464
2008-11-26,True,False,"(1, 1, 2, 2)",0.21791568811435783
2008-11-28,True,False,"(2, 1, 2, 2)",0.21791568811435783
2008-12-01,False,True,,
2008-12-02,True,False,"(3, 1, 2, 2)",0.5124572268092038
2008-12-03,True,False,"(1, 1, 2, 2)",0.518426760554962
2008-12-04,True,False,"(2, 1, 2, 2)",0.5177972784558075
2008-12-05,True,False,"(2, 1, 2, 2)",0.5558519049248776
2008-12-08,True,False,"(1, 1, 2, 2)",0.35049109713089643
2008-12-09,True,False,"(2, 1, 2, 2)",0.40945684046798125
2008-12-10,False,True,"(2, 1, 2, 2)",0.3390539294466282
2008-12-11,True,False,"(5, 1, 2, 2)",0.5124572268092038
2008-12-12,True,False,"(4, 1, 2, 2)",0.5326979095043861
2008-12-15,True,False,"(5, 1, 2, 2)",0.5546316728845632
2008-12-16,False,True,,
2008-12-17,False,True,"(1, 1, 2, 2)",0.35049109713089643
2008-12-18,True,False,"(3, 1, 2, 2)",0.5640525184319543
2008-12-19,False,True,"(2, 1, 2, 2)",0.30345476884407463
2008-12-22,False,True,"(3, 1, 2, 2)",0.2242674119498952
2008-12-23,True,False,"(4, 1, 2, 2)",0.5628033951499785
2008-12-24,False,True,"(5, 1, 2, 2)",0.43766385348964904
2008-12-26,False,True,"(1, 1, 2, 2)",0.30615899645766464
2008-12-29,False,True,,
2008-12-30,False,True,"(2, 1, 2, 2)",0.30615899645766464
2008-12-31,False,True,"(1, 1, 2, 2)",0.21791568811435783
2009-01-02,False,True,"(2, 1, 2, 2)",0.21791568811435783
2009-01-05,False,True,"(4, 1, 2, 2)",0.21791568811435783
2009-01-06,False,True,"(3, 1, 2, 2)",0.21791568811435783
2009-01-07,False,True,"(2, 1, 2, 2)",0.21791568811435783
2009-01-08,False,True,"(3, 1, 2, 2)",0.21791568811435783
2009-01-09,False,True,,
2009-01-12,False,True,,
2009-01-13,False,True,"(5, 1, 2, 2)",0.4959087016051506
2009-01-14,False,True,,
2009-01-15,False,True,,
2009-01-16,False,True,"(1, 1, 2, 2)",0.25158001626241894
2009-01-20,False,True,,
2009-01-21,False,True,"(2, 1, 2, 2)",0.26274446901294846
2009-01-22,True,False,"(3, 1, 2, 2)",0.5424311966186266
2009-01-23,False,True,"(4, 1, 2, 2)",0.3554674047413911
2009-01-26,False,True,,
2009-01-27,False,True,,
2009-01-28,False,True,"(1, 1, 2, 2)",0.30345476884407463
2009-01-29,False,True,"(3, 1, 2, 2)",0.21791568811435783
2009-01-30,False,True,,
2009-02-02,False,True,"(3, 1, 2, 2)",0.2905198532797404
2009-02-03,False,True,"(4, 1, 2, 2)",0.27437563313521873
2009-02-04,False,True,,
2009-02-05,False,True,,
2009-02-06,False,True,,
2009-02-09,False,True,"(1, 1, 2, 2)",0.21791568811435783
2009-02-10,False,True,,
2009-02-11,False,True,"(2, 1, 2, 2)",0.21791568811435783
2009-02-12,False,True,"(3, 1, 2, 2)",0.21791568811435783
2009-02-13,False,True,,
2009-02-17,False,True,,
2009-02-18,False,True,,
2009-02-19,False,True,,
2009-02-20,False,True,,
2009-02-23,False,True,,
2009-02-24,False,True,"(2, 1, 2, 2)",0.21791568811435783
2009-02-25,False,True,"(3, 1, 2, 2)",0.21791568811435783
2009-02-26,False,True,,
2009-02-27,False,True,,
2009-03-02,False,True,,
2009-03-03,False,True,,
2009-03-04,True,False,"(1, 1, 2, 2)",0.600329253929168
2009-03-05,True,False,,
2009-03-06,False,True,,
2009-03-09,False,True,,
2009-03-10,False,True,"(1, 1, 2, 2)",0.3186292735752523
2009-03-11,False,True,"(2, 1, 2, 2)",0.4712140619605406
2009-03-12,False,True,"(2, 1, 2, 2)",0.31090308230312486
2009-03-13,False,True,"(2, 1, 2, 2)",0.30786529020895004
2009-03-16,True,False,"(5, 1, 2, 2)",0.6114198536359632
2009-03-17,False,True,"(3, 1, 2, 2)",0.30345476884407463
2009-03-18,False,True,"(1, 1, 2, 2)",0.30345476884407463
2009-03-19,False,True,"(3, 1, 2, 2)",0.36766586230392756
2009-03-20,False,True,,
2009-03-23,False,True,"(3, 1, 2, 2)",0.29571524727542686
2009-03-24,True,False,"(2, 1, 2, 2)",0.5258838976432338
2009-03-25,False,True,"(2, 1, 2, 2)",0.5847293473125541
2009-03-26,True,False,"(1, 1, 2, 2)",0.5631102524047823
2009-03-27,True,False,"(5, 1, 2, 2)",0.5841170076823999
2009-03-30,False,True,,
2009-03-31,False,True,,
2009-04-01,True,False,"(2, 1, 2, 2)",0.6680140527602876
2009-04-02,True,False,"(2, 1, 2, 2)",0.6867601678935377
2009-04-03,True,False,"(1, 1, 2, 2)",0.29571524727542686
2009-04-06,True,False,"(2, 1, 2, 2)",0.42175346100054534
2009-04-07,False,True,"(4, 1, 2, 2)",0.6762205819561392
2009-04-08,True,False,"(3, 1, 2, 2)",0.6715100487320685
2009-04-09,False,True,"(1, 1, 2, 2)",0.35049109713089643
2009-04-13,False,True,"(1, 1, 2, 2)",0.35049109713089643
2009-04-14,True,False,"(3, 1, 2, 2)",0.5931342891180748
2009-04-15,False,True,"(2, 1, 2, 2)",0.41384454985215224
2009-04-16,False,True,"(1, 1, 2, 2)",0.3390539294466282
2009-04-17,False,True,"(1, 1, 2, 2)",0.34840841289216734
2009-04-20,True,False,"(4, 1, 2, 2)",0.5858425150764267
2009-04-21,False,True,"(2, 1, 2, 2)",0.458833646921358
2009-04-22,True,False,"(3, 1, 2, 2)",0.5873405896294956
2009-04-23,True,False,"(4, 1, 2, 2)",0.5643228307548277
2009-04-24,True,False,"(1, 1, 2, 2)",0.35049109713089643
2009-04-27,True,False,"(3, 1, 2, 2)",0.5873405896294956
2009-04-28,False,True,"(2, 1, 2, 2)",0.5873405896294956
2009-04-29,False,True,"(1, 1, 2, 2)",0.37138832341080297
2009-04-30,False,True,"(2, 1, 2, 2)",0.35179075112824104
2009-05-01,True,False,"(5, 1, 2, 2)",0.5873405896294956
2009-05-04,True,False,,
2009-05-05,True,False,"(2, 1, 2, 2)",0.317642019651659
2009-05-06,False,True,"(2, 1, 2, 2)",0.30345476884407463
2009-05-07,False,True,"(4, 1, 2, 2)",0.429735751657904
2009-05-08,False,True,"(4, 1, 2, 2)",0.256896271392336
2009-05-11,False,True,"(2, 1, 2, 2)",0.2817801042853804
2009-05-12,False,True,"(3, 1, 2, 2)",0.3186292735752523
2009-05-13,False,True,,
2009-05-14,True,False,"(4, 1, 2, 2)",0.5841170076823999
2009-05-15,False,True,,
2009-05-18,False,True,,
2009-05-19,True,False,"(2, 1, 2, 2)",0.5563703881608514
2009-05-20,False,True,"(3, 1, 2, 2)",0.5873405896294956
2009-05-21,True,False,"(3, 1, 2, 2)",0.6680140527602876
2009-05-22,False,True,,
2009-05-26,False,True,,
2009-05-27,True,False,"(2, 1, 2, 2)",0.6725431223473848
2009-05-28,False,True,"(2, 1, 2, 2)",0.6762308461411218
2009-05-29,True,False,"(1, 1, 2, 2)",0.5251701786142193
2009-06-01,True,False,"(1, 1, 2, 2)",0.35049109713089643
2009-06-02,True,False,"(2, 1, 2, 2)",0.2936391489182873
2009-06-03,False,True,"(3, 1, 2, 2)",0.31128773355561584
2009-06-04,False,True,"(3, 1, 2, 2)",0.35049109713089643
2009-06-05,False,True,"(2, 1, 2, 2)",0.3390539294466282
2009-06-08,False,True,"(3, 1, 2, 2)",0.30345476884407463
2009-06-09,False,True,"(3, 1, 2, 2)",0.2817801042853804
2009-06-10,False,True,,
2009-06-11,False,True,,
2009-06-12,False,True,,
2009-06-15,False,True,,
2009-06-16,False,True,,
2009-06-17,False,True,,
2009-06-18,False,True,,
2009-06-19,False,True,"(1, 1, 2, 2)",0.30229551547863287
2009-06-22,False,True,,
2009-06-23,True,False,"(2, 1, 2, 2)",0.629402220724545
2009-06-24,True,False,"(1, 1, 2, 2)",0.5849563770275903
2009-06-25,True,False,"(1, 1, 2, 2)",0.30229551547863287
2009-06-26,True,False,"(1, 1, 2, 2)",0.26554674971365255
2009-06-29,True,False,"(1, 1, 2, 2)",0.25158001626241894
2009-06-30,True,False,"(1, 1, 2, 2)",0.21791568811435783
2009-07-01,True,False,"(1, 1, 2, 2)",0.21791568811435783
2009-07-02,True,False,,
2009-07-06,False,True,"(2, 1, 2, 2)",0.30229551547863287
2009-07-07,False,True,,
2009-07-08,False,True,,
2009-07-09,False,True,,
2009-07-10,False,True,,
2009-07-13,False,True,,
2009-07-14,True,False,"(1, 1, 2, 2)",0.6813366711257455
2009-07-15,True,False,"(1, 1, 2, 2)",0.6053762473181208
2009-07-16,True,False,"(1, 1, 2, 2)",0.598571856403963
2009-07-17,True,False,"(3, 1, 2, 2)",0.7058624275082369
2009-07-20,True,False,"(2, 1, 2, 2)",0.7135938198113554
2009-07-21,True,False,"(2, 1, 2, 2)",0.7079343107849494
2009-07-22,False,True,"(2, 1, 2, 2)",0.7079343107849494
2009-07-23,True,False,"(1, 1, 2, 2)",0.7221930087910238
2009-07-24,True,False,"(1, 1, 2, 2)",0.7221930087910238
2009-07-27,True,False,"(1, 1, 2, 2)",0.7165354757768496
2009-07-28,True,False,"(2, 1, 2, 2)",0.7062039014391173
2009-07-29,False,True,"(3, 1, 2, 2)",0.6826003211465271
2009-07-30,True,False,"(3, 1, 2, 2)",0.7178102097613293
2009-07-31,True,False,"(1, 1, 2, 2)",0.7125957430125719
2009-08-03,True,False,"(1, 1, 2, 2)",0.7178102097613293
2009-08-04,True,False,"(1, 1, 2, 2)",0.3949402231397846
2009-08-05,True,False,"(1, 1, 2, 2)",0.35849971397895747
2009-08-06,True,False,"(2, 1, 2, 2)",0.35049109713089643
2009-08-07,True,False,"(2, 1, 2, 2)",0.35049109713089643
2009-08-10,True,False,"(2, 1, 2, 2)",0.3390539294466282
2009-08-11,False,True,"(5, 1, 2, 2)",0.40945684046798125
2009-08-12,False,True,"(3, 1, 2, 2)",0.40945684046798125
2009-08-13,False,True,"(1, 1, 2, 2)",0.40945684046798125
2009-08-14,True,False,"(5, 1, 2, 2)",0.5198520678447707
2009-08-17,False,True,,
2009-08-18,False,True,,
2009-08-19,False,True,,
2009-08-20,False,True,,
2009-08-21,False,True,"(1, 1, 2, 2)",0.24846142824986428
2009-08-24,False,True,"(2, 1, 2, 2)",0.3307971717355096
2009-08-25,False,True,"(2, 1, 2, 2)",0.24846142824986428
2009-08-26,False,True,"(1, 1, 2, 2)",0.272395453850144
2009-08-27,False,True,"(1, 1, 2, 2)",0.2430150328327126
2009-08-28,False,True,"(1, 1, 2, 2)",0.2832481268808405
2009-08-31,False,True,"(3, 1, 2, 2)",0.4193790610462791
2009-09-01,False,True,,
2009-09-02,False,True,,
2009-09-03,True,False,"(4, 1, 2, 2)",0.6627591646924206
2009-09-04,True,False,"(1, 1, 2, 2)",0.6645101683443165
2009-09-08,True,False,"(1, 1, 2, 2)",0.6833486389174778
2009-09-09,True,False,"(1, 1, 2, 2)",0.6826980628493142
2009-09-10,True,False,"(1, 1, 2, 2)",0.6998951927588833
2009-09-11,True,False,"(2, 1, 2, 2)",0.6814607136589176
2009-09-14,True,False,"(2, 1, 2, 2)",0.44088594659468916
2009-09-15,True,False,"(1, 1, 2, 2)",0.35049109713089643
2009-09-16,True,False,"(1, 1, 2, 2)",0.35849971397895747
2009-09-17,True,False,"(2, 1, 2, 2)",0.35122953836078064
2009-09-18,False,True,"(3, 1, 2, 2)",0.3390539294466282
2009-09-21,False,True,"(4, 1, 2, 2)",0.3390539294466282
2009-09-22,False,True,"(4, 1, 2, 2)",0.3390539294466282
2009-09-23,False,True,,
2009-09-24,False,True,,
2009-09-25,False,True,,
2009-09-28,False,True,"(4, 1, 2, 2)",0.21791568811435783
2009-09-29,False,True,"(2, 1, 2, 2)",0.3326207794361251
2009-09-30,False,True,"(3, 1, 2, 2)",0.40836125622623487
2009-10-01,False,True,,
2009-10-02,False,True,,
2009-10-05,False,True,,
2009-10-06,True,False,"(1, 1, 2, 2)",0.6617699082618996
2009-10-07,True,False,"(3, 1, 2, 2)",0.6680140527602876
2009-10-08,True,False,"(2, 1, 2, 2)",0.46096223369424644
2009-10-09,True,False,"(1, 1, 2, 2)",0.2905198532797404
2009-10-12,True,False,"(2, 1, 2, 2)",0.3186292735752523
2009-10-13,False,True,"(4, 1, 2, 2)",0.4237795335463937
2009-10-14,False,True,"(3, 1, 2, 2)",0.2430150328327126
2009-10-15,False,True,"(2, 1, 2, 2)",0.2817801042853804
2009-10-16,False,True,"(3, 1, 2, 2)",0.376675974827229
2009-10-19,False,True,"(3, 1, 2, 2)",0.21791568811435783
2009-10-20,False,True,"(4, 1, 2, 2)",0.2905198532797404
2009-10-21,False,True,,
2009-10-22,False,True,,
2009-10-23,False,True,"(2, 1, 2, 2)",0.26554674971365255
2009-10-26,False,True,,
2009-10-27,False,True,,
2009-10-28,False,True,,
2009-10-29,False,True,,
2009-10-30,False,True,,
2009-11-02,False,True,,
2009-11-03,True,False,"(1, 1, 2, 2)",0.6657445012591436
2009-11-04,True,False,,
2009-11-05,True,False,"(2, 1, 2, 2)",0.6862392939026395
2009-11-06,True,False,"(2, 1, 2, 2)",0.6657445012591436
2009-11-09,True,False,"(2, 1, 2, 2)",0.39348007286981806
2009-11-10,True,False,"(2, 1, 2, 2)",0.5275600536417524
2009-11-11,True,False,"(2, 1, 2, 2)",0.36342808558094974
2009-11-12,True,False,"(2, 1, 2, 2)",0.480228253101146
2009-11-13,True,False,"(2, 1, 2, 2)",0.4005394958168548
2009-11-16,True,False,"(1, 1, 2, 2)",0.35049109713089643
2009-11-17,True,False,"(2, 1, 2, 2)",0.40945684046798125
2009-11-18,True,False,"(2, 1, 2, 2)",0.34907979982048576
2009-11-19,True,False,"(4, 1, 2, 2)",0.4911287259149931
2009-11-20,False,True,,
2009-11-23,False,True,"(3, 1, 2, 2)",0.43796033729261924
2009-11-24,False,True,,
2009-11-25,True,False,"(2, 1, 2, 2)",0.6739021517631194
2009-11-27,False,True,,
2009-11-30,False,True,,
2009-12-01,True,False,"(1, 1, 2, 2)",0.5040745529400772
2009-12-02,True,False,"(1, 1, 2, 2)",0.41144746939883947
2009-12-03,True,False,"(2, 1, 2, 2)",0.46921312985409336
2009-12-04,True,False,"(2, 1, 2, 2)",0.36067061504120185
2009-12-07,True,False,"(2, 1, 2, 2)",0.46921312985409336
2009-12-08,False,True,"(3, 1, 2, 2)",0.6479099269265339
2009-12-09,True,False,"(4, 1, 2, 2)",0.6762087283297844
2009-12-10,False,True,,
2009-12-11,True,False,"(5, 1, 2, 2)",0.6683372150886387
2009-12-14,True,False,"(1, 1, 2, 2)",0.5688470501275813
2009-12-15,True,False,"(2, 1, 2, 2)",0.6515802816821044
2009-12-16,False,True,"(2, 1, 2, 2)",0.5952673634546236
2009-12-17,True,False,"(4, 1, 2, 2)",0.6553096327454527
2009-12-18,True,False,"(4, 1, 2, 2)",0.6132172128790383
2009-12-21,True,False,"(1, 1, 2, 2)",0.42587924113042264
2009-12-22,True,False,"(1, 1, 2, 2)",0.3665582964889826
2009-12-23,True,False,"(1, 1, 2, 2)",0.38094859274689963
2009-12-24,True,False,"(1, 1, 2, 2)",0.34214119189995423
2009-12-28,True,False,"(1, 1, 2, 2)",0.35049109713089643
2009-12-29,True,False,"(3, 1, 2, 2)",0.3586131403721326
2009-12-30,False,True,"(2, 1, 2, 2)",0.2836743587258008
2009-12-31,False,True,,
2010-01-04,False,True,,
2010-01-05,True,False,"(5, 1, 2, 2)",0.6393809972503229
2010-01-06,True,False,,
2010-01-07,True,False,,
2010-01-08,True,False,"(2, 1, 2, 2)",0.2928414720075558
2010-01-11,False,True,"(2, 1, 2, 2)",0.25407691134250926
2010-01-12,False,True,,
2010-01-13,False,True,"(4, 1, 2, 2)",0.21791568811435783
2010-01-14,False,True,"(2, 1, 2, 2)",0.21791568811435783
2010-01-15,False,True,"(3, 1, 2, 2)",0.28128561103935606
2010-01-19,False,True,"(3, 1, 2, 2)",0.21791568811435783
2010-01-20,False,True,"(2, 1, 2, 2)",0.21791568811435783
2010-01-21,False,True,,
2010-01-22,False,True,,
2010-01-25,True,False,"(4, 1, 2, 2)",0.5767442033938245
2010-01-26,False,True,,
2010-01-27,False,True,,
2010-01-28,False,True,,
2010-01-29,False,True,,
2010-02-01,False,True,"(3, 1, 2, 2)",0.28128561103935606
2010-02-02,False,True,"(1, 1, 2, 2)",0.21791568811435783
2010-02-03,False,True,"(2, 1, 2, 2)",0.25267541074713357
2010-02-04,False,True,,
2010-02-05,True,False,"(3, 1, 2, 2)",0.5706293542541843
2010-02-08,False,True,,
2010-02-09,False,True,,
2010-02-10,False,True,,
2010-02-11,True,False,"(1, 1, 2, 2)",0.629402220724545
2010-02-12,True,False,"(1, 1, 2, 2)",0.6782208687139423
2010-02-16,True,False,"(1, 1, 2, 2)",0.6573740949872613
2010-02-17,True,False,"(1, 1, 2, 2)",0.5534088719521362
2010-02-18,True,False,"(1, 1, 2, 2)",0.4807410304042382
2010-02-19,True,False,"(2, 1, 2, 2)",0.5107188337261549
2010-02-22,True,False,"(2, 1, 2, 2)",0.5236742851983153
2010-02-23,True,False,"(4, 1, 2, 2)",0.695634874578904
2010-02-24,True,False,"(2, 1, 2, 2)",0.7135938198113554
2010-02-25,True,False,"(1, 1, 2, 2)",0.7135938198113554
2010-02-26,True,False,"(2, 1, 2, 2)",0.7026129576846613
2010-03-01,True,False,"(2, 1, 2, 2)",0.7165354757768496
2010-03-02,True,False,"(1, 1, 2, 2)",0.7205137268064509
2010-03-03,True,False,"(3, 1, 2, 2)",0.6800398959288333
2010-03-04,True,False,"(2, 1, 2, 2)",0.6800398959288333
2010-03-05,True,False,"(1, 1, 2, 2)",0.709129996493935
2010-03-08,True,False,"(1, 1, 2, 2)",0.6758877863512704
2010-03-09,True,False,"(1, 1, 2, 2)",0.7055200734680401
2010-03-10,True,False,"(1, 1, 2, 2)",0.6858370697037773
2010-03-11,True,False,"(1, 1, 2, 2)",0.6885910859964255
2010-03-12,True,False,"(1, 1, 2, 2)",0.6301659421094538
2010-03-15,True,False,"(2, 1, 2, 2)",0.6910123476331929
2010-03-16,True,False,"(2, 1, 2, 2)",0.36342808558094974
2010-03-17,True,False,"(1, 1, 2, 2)",0.35049109713089643
2010-03-18,True,False,"(2, 1, 2, 2)",0.36342808558094974
2010-03-19,False,True,"(4, 1, 2, 2)",0.4707627681831834
2010-03-22,False,True,"(3, 1, 2, 2)",0.40291653204561034
2010-03-23,False,True,"(2, 1, 2, 2)",0.40197673479696516
2010-03-24,False,True,"(2, 1, 2, 2)",0.4079719420454417
2010-03-25,True,False,"(1, 1, 2, 2)",0.63799815324932
2010-03-26,True,False,"(3, 1, 2, 2)",0.6647370594435514
2010-03-29,True,False,"(2, 1, 2, 2)",0.6442813305514524
2010-03-30,True,False,"(2, 1, 2, 2)",0.6709536631179276
2010-03-31,False,True,,
2010-04-01,True,False,"(3, 1, 2, 2)",0.6709536631179276
2010-04-05,False,True,"(1, 1, 2, 2)",0.4867547533637858
2010-04-06,False,True,"(1, 1, 2, 2)",0.23629407514462455
2010-04-07,True,False,"(3, 1, 2, 2)",0.5365067621440274
2010-04-08,False,True,"(2, 1, 2, 2)",0.6462125072643302
2010-04-09,False,True,"(1, 1, 2, 2)",0.39348007286981806
2010-04-12,False,True,"(2, 1, 2, 2)",0.49294626344718606
2010-04-13,False,True,"(2, 1, 2, 2)",0.2429982311461134
2010-04-14,False,True,"(1, 1, 2, 2)",0.36342808558094974
2010-04-15,True,False,"(5, 1, 2, 2)",0.6739021517631194
2010-04-16,False,True,,
2010-04-19,True,False,"(3, 1, 2, 2)",0.6709759652333322
2010-04-20,True,False,"(1, 1, 2, 2)",0.6709759652333322
2010-04-21,True,False,"(1, 1, 2, 2)",0.5585694081364996
2010-04-22,True,False,"(1, 1, 2, 2)",0.2452010917839298
2010-04-23,True,False,"(1, 1, 2, 2)",0.2770610773968036
2010-04-26,True,False,"(1, 1, 2, 2)",0.34214119189995423
2010-04-27,True,False,"(4, 1, 2, 2)",0.4845793653330273
2010-04-28,False,True,"(2, 1, 2, 2)",0.4143719364618936
2010-04-29,False,True,"(1, 1, 2, 2)",0.30345476884407463
2010-04-30,False,True,"(2, 1, 2, 2)",0.3348198747292608
2010-05-03,False,True,"(2, 1, 2, 2)",0.29571524727542686
2010-05-04,False,True,"(3, 1, 2, 2)",0.21791568811435783
2010-05-05,False,True,"(5, 1, 2, 2)",0.2905198532797404
2010-05-06,False,True,,
2010-05-07,False,True,,
2010-05-10,False,True,,
2010-05-11,False,True,"(1, 1, 2, 2)",0.21791568811435783
2010-05-12,False,True,"(1, 1, 2, 2)",0.21791568811435783
2010-05-13,False,True,"(2, 1, 2, 2)",0.21791568811435783
2010-05-14,False,True,"(5, 1, 2, 2)",0.21791568811435783
2010-05-17,False,True,,
2010-05-18,False,True,,
2010-05-19,False,True,,
2010-05-20,False,True,,
2010-05-21,False,True,,
2010-05-24,False,True,,
2010-05-25,False,True,,
2010-05-26,False,True,,
2010-05-27,False,True,,
2010-05-28,False,True,"(2, 1, 2, 2)",0.21791568811435783
2010-06-01,True,False,"(3, 1, 2, 2)",0.5622933034344422
2010-06-02,False,True,"(3, 1, 2, 2)",0.21791568811435783
2010-06-03,False,True,"(2, 1, 2, 2)",0.2905198532797404
2010-06-04,False,True,,
2010-06-07,False,True,,
2010-06-08,False,True,,
2010-06-09,True,False,"(1, 1, 2, 2)",0.629402220724545
2010-06-10,True,False,"(1, 1, 2, 2)",0.4640582836900498
2010-06-11,True,False,"(1, 1, 2, 2)",0.2452010917839298
2010-06-14,True,False,"(1, 1, 2, 2)",0.2770610773968036
2010-06-15,True,False,"(1, 1, 2, 2)",0.35122953836078064
2010-06-16,True,False,"(2, 1, 2, 2)",0.28450960447786555
2010-06-17,False,True,"(2, 1, 2, 2)",0.2743161863084804
2010-06-18,False,True,"(4, 1, 2, 2)",0.3390539294466282
2010-06-21,False,True,"(5, 1, 2, 2)",0.30345476884407463
2010-06-22,False,True,,
2010-06-23,False,True,,
2010-06-24,False,True,,
2010-06-25,False,True,,
2010-06-28,False,True,"(2, 1, 2, 2)",0.30229551547863287
2010-06-29,False,True,,
2010-06-30,False,True,,
2010-07-01,False,True,,
2010-07-02,False,True,,
2010-07-06,False,True,,
2010-07-07,False,True,,
2010-07-08,True,False,"(1, 1, 2, 2)",0.6400130642709804
2010-07-09,True,False,"(1, 1, 2, 2)",0.5253933707512372
2010-07-12,True,False,"(1, 1, 2, 2)",0.4223276589894683
2010-07-13,True,False,"(1, 1, 2, 2)",0.28390682202313366
2010-07-14,True,False,"(2, 1, 2, 2)",0.4384493967911197
2010-07-15,False,True,"(3, 1, 2, 2)",0.451329206369938
2010-07-16,False,True,,
2010-07-19,True,False,"(4, 1, 2, 2)",0.6686392039017562
2010-07-20,True,False,"(1, 1, 2, 2)",0.6760414526573292
2010-07-21,True,False,,
2010-07-22,True,False,"(2, 1, 2, 2)",0.6880228203347528
2010-07-23,True,False,"(1, 1, 2, 2)",0.7072528408456564
2010-07-26,True,False,"(1, 1, 2, 2)",0.3522097053588351
2010-07-27,True,False,"(2, 1, 2, 2)",0.2936391489182873
2010-07-28,False,True,"(3, 1, 2, 2)",0.36342808558094974
2010-07-29,False,True,"(4, 1, 2, 2)",0.4595320925181536
2010-07-30,False,True,"(4, 1, 2, 2)",0.4071040221548695
2010-08-02,False,True,"(1, 1, 2, 2)",0.34840841289216734
2010-08-03,False,True,"(2, 1, 2, 2)",0.3390539294466282
2010-08-04,False,True,"(2, 1, 2, 2)",0.3390539294466282
2010-08-05,False,True,"(4, 1, 2, 2)",0.34343284525501855
2010-08-06,False,True,"(5, 1, 2, 2)",0.2431592864140234
2010-08-09,False,True,"(5, 1, 2, 2)",0.23629407514462455
2010-08-10,False,True,"(2, 1, 2, 2)",0.21791568811435783
2010-08-11,False,True,,
2010-08-12,False,True,,
2010-08-13,False,True,,
2010-08-16,False,True,,
2010-08-17,False,True,"(1, 1, 2, 2)",0.2905198532797404
2010-08-18,False,True,"(1, 1, 2, 2)",0.2905198532797404
2010-08-19,False,True,,
2010-08-20,False,True,,
2010-08-23,False,True,,
2010-08-24,False,True,,
2010-08-25,True,False,"(5, 1, 2, 2)",0.6770646908288981
2010-08-26,True,False,"(2, 1, 2, 2)",0.6643458806217023
2010-08-27,True,False,"(2, 1, 2, 2)",0.6862392939026395
2010-08-30,True,False,"(2, 1, 2, 2)",0.6686942408909392
2010-08-31,True,False,"(2, 1, 2, 2)",0.6928885551992218
2010-09-01,True,False,"(1, 1, 2, 2)",0.46712999527525667
2010-09-02,True,False,"(1, 1, 2, 2)",0.36824944438808677
2010-09-03,True,False,"(1, 1, 2, 2)",0.35849971397895747
2010-09-07,True,False,"(3, 1, 2, 2)",0.454651868385192
2010-09-08,False,True,"(2, 1, 2, 2)",0.4062030279020179
2010-09-09,True,False,"(5, 1, 2, 2)",0.6601327524068894
2010-09-10,True,False,"(4, 1, 2, 2)",0.6312470275989289
2010-09-13,False,True,"(1, 1, 2, 2)",0.3961975017691199
2010-09-14,False,True,"(2, 1, 2, 2)",0.41211458276662133
2010-09-15,False,True,"(2, 1, 2, 2)",0.316768693863202
2010-09-16,False,True,"(2, 1, 2, 2)",0.4005394958168548
2010-09-17,False,True,"(2, 1, 2, 2)",0.3102565694735032
2010-09-20,False,True,"(1, 1, 2, 2)",0.23629407514462455
2010-09-21,False,True,"(2, 1, 2, 2)",0.2580357181726522
2010-09-22,False,True,,
2010-09-23,False,True,,
2010-09-24,True,False,"(4, 1, 2, 2)",0.5114891645065369
2010-09-27,True,False,"(2, 1, 2, 2)",0.6695883704730807
2010-09-28,False,True,"(2, 1, 2, 2)",0.6680140527602876
2010-09-29,False,True,,
2010-09-30,False,True,,
2010-10-01,True,False,"(1, 1, 2, 2)",0.6821918185043072
2010-10-04,True,False,"(1, 1, 2, 2)",0.6739907617668559
2010-10-05,True,False,"(1, 1, 2, 2)",0.40599187330060094
2010-10-06,True,False,"(2, 1, 2, 2)",0.5340269184795369
2010-10-07,False,True,"(2, 1, 2, 2)",0.5400017652604246
2010-10-08,True,False,"(1, 1, 2, 2)",0.6361787199605595
2010-10-11,True,False,"(3, 1, 2, 2)",0.6848557791161307
2010-10-12,True,False,"(2, 1, 2, 2)",0.609099531668226
2010-10-13,True,False,"(1, 1, 2, 2)",0.4083712853054885
2010-10-14,True,False,"(2, 1, 2, 2)",0.5048025181724662
2010-10-15,False,True,"(3, 1, 2, 2)",0.5006410364176833
2010-10-18,True,False,"(4, 1, 2, 2)",0.6619493443119997
2010-10-19,True,False,"(4, 1, 2, 2)",0.5379503553174295
2010-10-20,False,True,"(1, 1, 2, 2)",0.2429982311461134
2010-10-21,False,True,"(2, 1, 2, 2)",0.42175346100054534
2010-10-22,False,True,"(2, 1, 2, 2)",0.4070675249299684
2010-10-25,False,True,"(1, 1, 2, 2)",0.3961975017691199
2010-10-26,False,True,"(5, 1, 2, 2)",0.4164755212217468
2010-10-27,False,True,,
2010-10-28,False,True,,
2010-10-29,True,False,"(4, 1, 2, 2)",0.6725431223473848
2010-11-01,True,False,"(1, 1, 2, 2)",0.6087809421954234
2010-11-02,True,False,"(1, 1, 2, 2)",0.29802014186371767
2010-11-03,True,False,"(2, 1, 2, 2)",0.28128561103935606
2010-11-04,True,False,"(2, 1, 2, 2)",0.23629407514462455
2010-11-05,True,False,"(1, 1, 2, 2)",0.28124287506037354
2010-11-08,True,False,"(2, 1, 2, 2)",0.2770610773968036
2010-11-09,False,True,,
2010-11-10,False,True,"(3, 1, 2, 2)",0.21791568811435783
2010-11-11,False,True,"(4, 1, 2, 2)",0.26554674971365255
2010-11-12,False,True,,
2010-11-15,False,True,,
2010-11-16,False,True,,
2010-11-17,False,True,,
2010-11-18,True,False,"(1, 1, 2, 2)",0.6325191146541284
2010-11-19,True,False,"(1, 1, 2, 2)",0.6657445012591436
2010-11-22,True,False,"(1, 1, 2, 2)",0.6465310287245316
2010-11-23,True,False,"(4, 1, 2, 2)",0.6325191146541284
2010-11-24,True,False,"(2, 1, 2, 2)",0.3017048691235719
2010-11-26,True,False,"(2, 1, 2, 2)",0.4789041772027562
2010-11-29,False,True,"(3, 1, 2, 2)",0.4739334202176949
2010-11-30,True,False,"(4, 1, 2, 2)",0.5922397950696356
2010-12-01,False,True,"(4, 1, 2, 2)",0.4187306469787673
2010-12-02,False,True,"(1, 1, 2, 2)",0.2429982311461134
2010-12-03,False,True,"(1, 1, 2, 2)",0.2429982311461134
2010-12-06,False,True,"(1, 1, 2, 2)",0.2429982311461134
2010-12-07,False,True,"(1, 1, 2, 2)",0.28604716391707513
2010-12-08,False,True,"(5, 1, 2, 2)",0.4224905674169252
2010-12-09,False,True,,
2010-12-10,False,True,"(3, 1, 2, 2)",0.429735751657904
2010-12-13,False,True,"(1, 1, 2, 2)",0.40836125622623487
2010-12-14,True,False,"(3, 1, 2, 2)",0.6709759652333322
2010-12-15,False,True,,
2010-12-16,True,False,"(3, 1, 2, 2)",0.6709759652333322
2010-12-17,True,False,"(1, 1, 2, 2)",0.6709759652333322
2010-12-20,True,False,"(1, 1, 2, 2)",0.6798236307872616
2010-12-21,True,False,"(1, 1, 2, 2)",0.4087502189086349
2010-12-22,True,False,"(1, 1, 2, 2)",0.5281938191586745
2010-12-23,True,False,"(2, 1, 2, 2)",0.6585092297590734
2010-12-27,True,False,"(2, 1, 2, 2)",0.4578233549016254
2010-12-28,True,False,"(1, 1, 2, 2)",0.3701467130023287
2010-12-29,True,False,"(1, 1, 2, 2)",0.3853406198402149
2010-12-30,True,False,"(1, 1, 2, 2)",0.3853406198402149
2010-12-31,True,False,"(3, 1, 2, 2)",0.46087045298543045
2011-01-03,True,False,"(2, 1, 2, 2)",0.3522097053588351
2011-01-04,True,False,"(5, 1, 2, 2)",0.4636594894025499
2011-01-05,False,True,"(2, 1, 2, 2)",0.3746346560878031
2011-01-06,False,True,,
2011-01-07,False,True,,
2011-01-10,False,True,,
2011-01-11,False,True,,
2011-01-12,False,True,,
2011-01-13,True,False,"(1, 1, 2, 2)",0.6877198103578994
2011-01-14,True,False,"(1, 1, 2, 2)",0.582416924750844
2011-01-18,True,False,"(1, 1, 2, 2)",0.4140580085032731
2011-01-19,True,False,"(3, 1, 2, 2)",0.6762365451421692
2011-01-20,False,True,"(4, 1, 2, 2)",0.6805113071600941
2011-01-21,True,False,"(3, 1, 2, 2)",0.6862167051053215
2011-01-24,True,False,"(1, 1, 2, 2)",0.6756961623156093
2011-01-25,True,False,"(1, 1, 2, 2)",0.634012749298471
2011-01-26,True,False,"(1, 1, 2, 2)",0.6627206964005249
2011-01-27,True,False,"(1, 1, 2, 2)",0.4647707836548953
2011-01-28,True,False,"(3, 1, 2, 2)",0.6762365451421692
2011-01-31,False,True,"(2, 1, 2, 2)",0.5994361172602487
2011-02-01,True,False,"(1, 1, 2, 2)",0.5789275554714218
2011-02-02,True,False,"(1, 1, 2, 2)",0.5994361172602487
2011-02-03,True,False,"(1, 1, 2, 2)",0.6135430849941312
2011-02-04,True,False,"(5, 1, 2, 2)",0.6791444444660863
2011-02-07,True,False,"(2, 1, 2, 2)",0.6003317901379923
2011-02-08,True,False,"(1, 1, 2, 2)",0.6101441710279754
2011-02-09,True,False,"(1, 1, 2, 2)",0.5502291262981251
2011-02-10,True,False,"(1, 1, 2, 2)",0.5661704278424973
2011-02-11,True,False,"(1, 1, 2, 2)",0.4005394958168548
2011-02-14,True,False,"(2, 1, 2, 2)",0.4005394958168548
2011-02-15,False,True,"(3, 1, 2, 2)",0.41820188485025506
2011-02-16,False,True,"(3, 1, 2, 2)",0.37868335973915174
2011-02-17,False,True,"(1, 1, 2, 2)",0.3481756215423542
2011-02-18,False,True,"(1, 1, 2, 2)",0.3102565694735032
2011-02-22,False,True,,
2011-02-23,False,True,,
2011-02-24,False,True,,
2011-02-25,False,True,"(4, 1, 2, 2)",0.28128561103935606
2011-02-28,False,True,"(1, 1, 2, 2)",0.23629407514462455
2011-03-01,False,True,"(3, 1, 2, 2)",0.40836125622623487
2011-03-02,True,False,"(4, 1, 2, 2)",0.6424616402028249
2011-03-03,False,True,"(3, 1, 2, 2)",0.26554674971365255
2011-03-04,False,True,"(2, 1, 2, 2)",0.3554674047413911
2011-03-07,False,True,,
2011-03-08,False,True,,
2011-03-09,False,True,"(1, 1, 2, 2)",0.25681895095330975
2011-03-10,False,True,,
2011-03-11,False,True,"(2, 1, 2, 2)",0.28128561103935606
2011-03-14,False,True,"(3, 1, 2, 2)",0.35209276395680067
2011-03-15,False,True,,
2011-03-16,False,True,,
2011-03-17,False,True,,
2011-03-18,True,False,"(1, 1, 2, 2)",0.6132551802366666
2011-03-21,True,False,"(1, 1, 2, 2)",0.2905198532797404
2011-03-22,True,False,"(2, 1, 2, 2)",0.5765981834127439
2011-03-23,False,True,"(4, 1, 2, 2)",0.667109892338418
2011-03-24,True,False,"(3, 1, 2, 2)",0.6481842120043166
2011-03-25,True,False,"(1, 1, 2, 2)",0.6516287886165674
2011-03-28,True,False,"(2, 1, 2, 2)",0.6516287886165674
2011-03-29,True,False,"(2, 1, 2, 2)",0.6744880133598017
2011-03-30,True,False,"(1, 1, 2, 2)",0.3375021906416372
2011-03-31,True,False,"(1, 1, 2, 2)",0.29295505590186083
2011-04-01,True,False,"(1, 1, 2, 2)",0.2429982311461134
2011-04-04,True,False,"(2, 1, 2, 2)",0.2452010917839298
2011-04-05,True,False,"(2, 1, 2, 2)",0.2452010917839298
2011-04-06,True,False,"(2, 1, 2, 2)",0.3544070876000944
2011-04-07,False,True,,
2011-04-08,False,True,,
2011-04-11,False,True,,
2011-04-12,False,True,,
2011-04-13,False,True,,
2011-04-14,False,True,,
2011-04-15,True,False,"(1, 1, 2, 2)",0.7177076315704433
2011-04-18,True,False,"(2, 1, 2, 2)",0.685673569213135
2011-04-19,False,True,"(2, 1, 2, 2)",0.7063009448969382
2011-04-20,True,False,"(1, 1, 2, 2)",0.6933729250646374
2011-04-21,True,False,"(1, 1, 2, 2)",0.5973759235130113
2011-04-25,True,False,"(1, 1, 2, 2)",0.5144682545818762
2011-04-26,True,False,"(1, 1, 2, 2)",0.40923906605824684
2011-04-27,True,False,"(1, 1, 2, 2)",0.36824944438808677
2011-04-28,True,False,"(1, 1, 2, 2)",0.35849971397895747
2011-04-29,True,False,"(2, 1, 2, 2)",0.34907979982048576
2011-05-02,False,True,"(3, 1, 2, 2)",0.2832481268808405
2011-05-03,False,True,"(5, 1, 2, 2)",0.4005394958168548
2011-05-04,False,True,,
2011-05-05,False,True,,
2011-05-06,False,True,,
2011-05-09,False,True,,
2011-05-10,False,True,"(1, 1, 2, 2)",0.2452010917839298
2011-05-11,False,True,"(2, 1, 2, 2)",0.35209276395680067
2011-05-12,False,True,"(3, 1, 2, 2)",0.35209276395680067
2011-05-13,False,True,,
2011-05-16,True,False,"(4, 1, 2, 2)",0.6393809972503229
2011-05-17,True,False,"(5, 1, 2, 2)",0.6495918915015199
2011-05-18,False,True,,
2011-05-19,False,True,"(1, 1, 2, 2)",0.28128561103935606
2011-05-20,False,True,"(3, 1, 2, 2)",0.429735751657904
2011-05-23,False,True,,
2011-05-24,True,False,"(3, 1, 2, 2)",0.6424616402028249
2011-05-25,False,True,"(1, 1, 2, 2)",0.40836125622623487
2011-05-26,False,True,"(1, 1, 2, 2)",0.21791568811435783
2011-05-27,False,True,"(1, 1, 2, 2)",0.21791568811435783
2011-05-31,False,True,"(1, 1, 2, 2)",0.23687966525857176
2011-06-01,False,True,"(4, 1, 2, 2)",0.25887065340445414
2011-06-02,False,True,,
2011-06-03,False,True,"(3, 1, 2, 2)",0.25158001626241894
2011-06-06,False,True,,
2011-06-07,False,True,"(5, 1, 2, 2)",0.28128561103935606
2011-06-08,False,True,,
2011-06-09,False,True,,
2011-06-10,False,True,,
2011-06-13,False,True,,
2011-06-14,True,False,"(1, 1, 2, 2)",0.5326165926415832
2011-06-15,True,False,,
2011-06-16,False,True,"(2, 1, 2, 2)",0.6657445012591436
2011-06-17,True,False,"(1, 1, 2, 2)",0.6212899083036034
2011-06-20,True,False,"(1, 1, 2, 2)",0.31131908492912364
2011-06-21,True,False,"(1, 1, 2, 2)",0.329550597553856
2011-06-22,True,False,"(2, 1, 2, 2)",0.4228266513395699
2011-06-23,False,True,"(5, 1, 2, 2)",0.6710419714581142
2011-06-24,False,True,,
2011-06-27,True,False,"(4, 1, 2, 2)",0.6657445012591436
2011-06-28,True,False,"(1, 1, 2, 2)",0.6709759652333322
2011-06-29,True,False,"(1, 1, 2, 2)",0.6667866826619159
2011-06-30,True,False,"(1, 1, 2, 2)",0.6889523731417942
2011-07-01,True,False,"(1, 1, 2, 2)",0.4384493967911197
2011-07-05,True,False,"(1, 1, 2, 2)",0.28967743958229153
2011-07-06,True,False,"(1, 1, 2, 2)",0.28124287506037354
2011-07-07,True,False,"(1, 1, 2, 2)",0.2887589211577214
2011-07-08,True,False,"(2, 1, 2, 2)",0.3397808798087517
2011-07-11,False,True,"(5, 1, 2, 2)",0.4793447113225637
2011-07-12,False,True,"(3, 1, 2, 2)",0.4252840787383853
2011-07-13,False,True,,
2011-07-14,False,True,,
2011-07-15,False,True,,
2011-07-18,False,True,,
2011-07-19,False,True,,
2011-07-20,False,True,"(1, 1, 2, 2)",0.21791568811435783
2011-07-21,False,True,"(1, 1, 2, 2)",0.26703492567261444
2011-07-22,False,True,"(1, 1, 2, 2)",0.26703492567261444
2011-07-25,False,True,"(3, 1, 2, 2)",0.21791568811435783
2011-07-26,False,True,"(4, 1, 2, 2)",0.21791568811435783
2011-07-27,False,True,,
2011-07-28,False,True,,
2011-07-29,False,True,"(5, 1, 2, 2)",0.21791568811435783
2011-08-01,False,True,,
2011-08-02,False,True,,
2011-08-03,False,True,,
2011-08-04,False,True,,
2011-08-05,False,True,,
2011-08-08,False,True,,
2011-08-09,False,True,,
2011-08-10,False,True,,
2011-08-11,False,True,,
2011-08-12,False,True,"(2, 1, 2, 2)",0.3953983470128315
2011-08-15,False,True,"(2, 1, 2, 2)",0.2886425341734294
2011-08-16,False,True,"(2, 1, 2, 2)",0.2886425341734294
2011-08-17,False,True,"(2, 1, 2, 2)",0.2842110537183322
2011-08-18,False,True,,
2011-08-19,False,True,,
2011-08-22,True,False,"(5, 1, 2, 2)",0.600329253929168
2011-08-23,True,False,"(1, 1, 2, 2)",0.600329253929168
2011-08-24,True,False,"(1, 1, 2, 2)",0.5515127941531682
2011-08-25,True,False,"(3, 1, 2, 2)",0.600329253929168
2011-08-26,False,True,"(2, 1, 2, 2)",0.556845541119254
2011-08-29,False,True,"(1, 1, 2, 2)",0.23629407514462455
2011-08-30,False,True,"(1, 1, 2, 2)",0.23629407514462455
2011-08-31,False,True,"(1, 1, 2, 2)",0.2743161863084804
2011-09-01,False,True,"(4, 1, 2, 2)",0.2242674119498952
2011-09-02,True,False,"(5, 1, 2, 2)",0.6465731896457826
2011-09-06,False,True,,
2011-09-07,False,True,"(4, 1, 2, 2)",0.23629407514462455
2011-09-08,False,True,"(2, 1, 2, 2)",0.21791568811435783
2011-09-09,False,True,,
2011-09-12,False,True,"(3, 1, 2, 2)",0.40836125622623487
2011-09-13,False,True,"(1, 1, 2, 2)",0.30615899645766464
2011-09-14,False,True,"(1, 1, 2, 2)",0.21791568811435783
2011-09-15,False,True,"(1, 1, 2, 2)",0.21791568811435783
2011-09-16,False,True,"(1, 1, 2, 2)",0.21791568811435783
2011-09-19,False,True,"(3, 1, 2, 2)",0.21791568811435783
2011-09-20,False,True,"(4, 1, 2, 2)",0.21791568811435783
2011-09-21,False,True,,
2011-09-22,False,True,,
2011-09-23,True,False,"(5, 1, 2, 2)",0.629402220724545
2011-09-26,True,False,"(1, 1, 2, 2)",0.5362322832107728
2011-09-27,True,False,"(1, 1, 2, 2)",0.2905198532797404
2011-09-28,True,False,"(4, 1, 2, 2)",0.5925422941920583
2011-09-29,False,True,"(2, 1, 2, 2)",0.2905198532797404
2011-09-30,False,True,,
2011-10-03,False,True,,
2011-10-04,False,True,,
2011-10-05,False,True,,
2011-10-06,False,True,,
2011-10-07,True,False,"(4, 1, 2, 2)",0.629402220724545
2011-10-10,True,False,"(2, 1, 2, 2)",0.4373766808057067
2011-10-11,True,False,"(2, 1, 2, 2)",0.6197334074306732
2011-10-12,False,True,"(2, 1, 2, 2)",0.6611010760852798
2011-10-13,True,False,"(3, 1, 2, 2)",0.6906811008031166
2011-10-14,True,False,"(4, 1, 2, 2)",0.7108502280477667
2011-10-17,True,False,"(4, 1, 2, 2)",0.6710196716231405
2011-10-18,True,False,"(2, 1, 2, 2)",0.70957882195799
2011-10-19,True,False,"(2, 1, 2, 2)",0.6783943206735954
2011-10-20,False,True,"(2, 1, 2, 2)",0.6775960757121767
2011-10-21,True,False,"(1, 1, 2, 2)",0.7028924485384972
2011-10-24,True,False,"(1, 1, 2, 2)",0.36067061504120185
2011-10-25,True,False,"(2, 1, 2, 2)",0.6439924077121355
2011-10-26,False,True,"(2, 1, 2, 2)",0.42777223871728326
2011-10-27,False,True,"(1, 1, 2, 2)",0.35049109713089643
2011-10-28,False,True,"(1, 1, 2, 2)",0.35049109713089643
2011-10-31,False,True,"(3, 1, 2, 2)",0.3390539294466282
2011-11-01,True,False,"(5, 1, 2, 2)",0.6498191037684823
2011-11-02,False,True,"(3, 1, 2, 2)",0.41144746939883947
2011-11-03,False,True,"(1, 1, 2, 2)",0.29571524727542686
2011-11-04,False,True,"(2, 1, 2, 2)",0.22788478652931698
2011-11-07,False,True,"(2, 1, 2, 2)",0.21791568811435783
2011-11-08,False,True,"(1, 1, 2, 2)",0.23629407514462455
2011-11-09,False,True,,
2011-11-10,False,True,"(2, 1, 2, 2)",0.4159157181633858
2011-11-11,False,True,"(1, 1, 2, 2)",0.21791568811435783
2011-11-14,False,True,"(2, 1, 2, 2)",0.2905198532797404
2011-11-15,False,True,"(2, 1, 2, 2)",0.21791568811435783
2011-11-16,False,True,,
2011-11-17,False,True,,
2011-11-18,False,True,,
2011-11-21,False,True,,
2011-11-22,False,True,,
2011-11-23,False,True,,
2011-11-25,False,True,,
2011-11-28,True,False,"(1, 1, 2, 2)",0.629402220724545
2011-11-29,True,False,"(2, 1, 2, 2)",0.629402220724545
2011-11-30,True,False,"(2, 1, 2, 2)",0.23629407514462455
2011-12-01,True,False,"(2, 1, 2, 2)",0.3326207794361251
2011-12-02,False,True,"(2, 1, 2, 2)",0.2781588875542976
2011-12-05,False,True,"(1, 1, 2, 2)",0.24984749270776058
2011-12-06,False,True,"(2, 1, 2, 2)",0.2836743587258008
2011-12-07,False,True,"(2, 1, 2, 2)",0.31128773355561584
2011-12-08,False,True,,
2011-12-09,False,True,"(2, 1, 2, 2)",0.48043380777422906
2011-12-12,True,False,"(3, 1, 2, 2)",0.6695883704730807
2011-12-13,False,True,,
2011-12-14,True,False,"(5, 1, 2, 2)",0.6709759652333322
2011-12-15,True,False,"(1, 1, 2, 2)",0.6739021517631194
2011-12-16,True,False,"(1, 1, 2, 2)",0.6737738252929082
2011-12-19,True,False,"(3, 1, 2, 2)",0.6739021517631194
2011-12-20,True,False,"(2, 1, 2, 2)",0.3832837020108854
2011-12-21,True,False,"(1, 1, 2, 2)",0.4193433435724237
2011-12-22,True,False,"(1, 1, 2, 2)",0.3665582964889826
2011-12-23,True,False,"(1, 1, 2, 2)",0.2961215062619825
2011-12-27,True,False,"(1, 1, 2, 2)",0.36342808558094974
2011-12-28,True,False,"(4, 1, 2, 2)",0.4911287259149931
2011-12-29,False,True,"(2, 1, 2, 2)",0.39181886354383794
2011-12-30,True,False,"(3, 1, 2, 2)",0.6198326250500377
2012-01-03,False,True,"(4, 1, 2, 2)",0.454031662476118
2012-01-04,False,True,,
2012-01-05,True,False,"(2, 1, 2, 2)",0.6428642754446009
2012-01-06,True,False,"(3, 1, 2, 2)",0.6709536631179276
2012-01-09,False,True,,
2012-01-10,False,True,,
2012-01-11,True,False,"(1, 1, 2, 2)",0.6649997576926493
2012-01-12,True,False,"(2, 1, 2, 2)",0.6739021517631194
2012-01-13,False,True,"(2, 1, 2, 2)",0.6796818053146921
2012-01-17,True,False,"(1, 1, 2, 2)",0.6942015393114812
2012-01-18,True,False,"(1, 1, 2, 2)",0.6903236004510946
2012-01-19,True,False,"(1, 1, 2, 2)",0.7135938198113554
2012-01-20,True,False,"(1, 1, 2, 2)",0.7135938198113554
2012-01-23,True,False,"(1, 1, 2, 2)",0.7135938198113554
2012-01-24,True,False,"(1, 1, 2, 2)",0.7118832949691568
2012-01-25,True,False,"(1, 1, 2, 2)",0.4718198262169932
2012-01-26,True,False,"(1, 1, 2, 2)",0.44891585490884534
2012-01-27,True,False,"(1, 1, 2, 2)",0.44891585490884534
2012-01-30,True,False,"(4, 1, 2, 2)",0.6458177435010393
2012-01-31,False,True,"(2, 1, 2, 2)",0.5149786445177673
2012-02-01,False,True,"(1, 1, 2, 2)",0.41936118384357246
2012-02-02,False,True,"(1, 1, 2, 2)",0.3961975017691199
2012-02-03,False,True,"(1, 1, 2, 2)",0.34214119189995423
2012-02-06,False,True,"(2, 1, 2, 2)",0.27581989421452685
2012-02-07,False,True,"(3, 1, 2, 2)",0.2782109434989235
2012-02-08,False,True,"(3, 1, 2, 2)",0.2452010917839298
2012-02-09,False,True,"(5, 1, 2, 2)",0.30889055970815227
2012-02-10,False,True,,
2012-02-13,False,True,,
2012-02-14,False,True,"(2, 1, 2, 2)",0.4120796489523831
2012-02-15,False,True,,
2012-02-16,False,True,,
2012-02-17,False,True,"(1, 1, 2, 2)",0.28128561103935606
2012-02-21,False,True,,
2012-02-22,False,True,,
2012-02-23,False,True,"(3, 1, 2, 2)",0.40836125622623487
2012-02-24,False,True,"(1, 1, 2, 2)",0.2928414720075558
2012-02-27,False,True,"(2, 1, 2, 2)",0.3877005518214368
2012-02-28,False,True,,
2012-02-29,False,True,,
2012-03-01,False,True,,
2012-03-02,True,False,"(2, 1, 2, 2)",0.6512077289793828
2012-03-05,True,False,"(2, 1, 2, 2)",0.5268021812217284
2012-03-06,True,False,,
2012-03-07,False,True,"(2, 1, 2, 2)",0.667109892338418
2012-03-08,True,False,"(3, 1, 2, 2)",0.6686863711580526
2012-03-09,True,False,"(4, 1, 2, 2)",0.6651860261006552
2012-03-12,True,False,"(1, 1, 2, 2)",0.6797603660975369
2012-03-13,True,False,"(1, 1, 2, 2)",0.3339774927043304
2012-03-14,True,False,"(2, 1, 2, 2)",0.48448037704056335
2012-03-15,False,True,"(3, 1, 2, 2)",0.4228266513395699
2012-03-16,False,True,"(3, 1, 2, 2)",0.3813192826152325
2012-03-19,False,True,"(1, 1, 2, 2)",0.2429982311461134
2012-03-20,False,True,"(2, 1, 2, 2)",0.3071798058627248
2012-03-21,False,True,"(3, 1, 2, 2)",0.38105865340739487
2012-03-22,False,True,,
2012-03-23,False,True,"(4, 1, 2, 2)",0.4260219942353872
2012-03-26,False,True,"(1, 1, 2, 2)",0.35209276395680067
2012-03-27,False,True,"(2, 1, 2, 2)",0.35209276395680067
2012-03-28,False,True,"(3, 1, 2, 2)",0.4260219942353872
2012-03-29,False,True,"(3, 1, 2, 2)",0.35209276395680067
2012-03-30,False,True,"(1, 1, 2, 2)",0.2431592864140234
2012-04-02,False,True,"(1, 1, 2, 2)",0.23629407514462455
2012-04-03,False,True,"(2, 1, 2, 2)",0.21791568811435783
2012-04-04,False,True,"(5, 1, 2, 2)",0.35209276395680067
2012-04-05,False,True,,
2012-04-09,False,True,,
2012-04-10,False,True,,
2012-04-11,False,True,,
2012-04-12,True,False,"(1, 1, 2, 2)",0.667109892338418
2012-04-13,True,False,"(2, 1, 2, 2)",0.6686863711580526
2012-04-16,True,False,"(2, 1, 2, 2)",0.6705465797157355
2012-04-17,True,False,"(1, 1, 2, 2)",0.562364549779873
2012-04-18,True,False,"(2, 1, 2, 2)",0.6905084862553036
2012-04-19,False,True,"(3, 1, 2, 2)",0.6968435175576126
2012-04-20,True,False,"(3, 1, 2, 2)",0.6507229514002365
2012-04-23,True,False,"(2, 1, 2, 2)",0.6753160384469317
2012-04-24,True,False,"(2, 1, 2, 2)",0.7231109849512383
2012-04-25,True,False,"(1, 1, 2, 2)",0.4193433435724237
2012-04-26,True,False,"(1, 1, 2, 2)",0.44647036451732863
2012-04-27,True,False,"(1, 1, 2, 2)",0.39257930411814707
2012-04-30,True,False,"(2, 1, 2, 2)",0.3961975017691199
2012-05-01,True,False,"(2, 1, 2, 2)",0.27859241206490093
2012-05-02,True,False,"(2, 1, 2, 2)",0.265164344730477
2012-05-03,False,True,"(3, 1, 2, 2)",0.27581989421452685
2012-05-04,False,True,,
2012-05-07,False,True,"(4, 1, 2, 2)",0.2429982311461134
2012-05-08,False,True,"(5, 1, 2, 2)",0.21791568811435783
2012-05-09,False,True,,
2012-05-10,False,True,,
2012-05-11,False,True,,
2012-05-14,False,True,,
2012-05-15,False,True,,
2012-05-16,False,True,,
2012-05-17,False,True,,
2012-05-18,False,True,,
2012-05-21,False,True,,
2012-05-22,True,False,"(1, 1, 2, 2)",0.6027638553596913
2012-05-23,True,False,"(1, 1, 2, 2)",0.428149130685444
2012-05-24,True,False,"(1, 1, 2, 2)",0.2905198532797404
2012-05-25,True,False,"(2, 1, 2, 2)",0.28128561103935606
2012-05-29,True,False,"(2, 1, 2, 2)",0.21791568811435783
2012-05-30,True,False,,
2012-05-31,False,True,"(2, 1, 2, 2)",0.4010296764659369
2012-06-01,False,True,,
2012-06-04,False,True,,
2012-06-05,True,False,"(5, 1, 2, 2)",0.629402220724545
2012-06-06,True,False,"(1, 1, 2, 2)",0.35960820123192055
2012-06-07,True,False,"(2, 1, 2, 2)",0.5522738465958654
2012-06-08,True,False,"(2, 1, 2, 2)",0.2452010917839298
2012-06-11,True,False,"(4, 1, 2, 2)",0.6419869607262998
2012-06-12,False,True,"(2, 1, 2, 2)",0.4608829121031553
2012-06-13,True,False,"(3, 1, 2, 2)",0.6424384352833379
2012-06-14,False,True,"(4, 1, 2, 2)",0.3853406198402149
2012-06-15,False,True,"(1, 1, 2, 2)",0.396108183188939
2012-06-18,False,True,"(1, 1, 2, 2)",0.316768693863202
2012-06-19,False,True,"(1, 1, 2, 2)",0.42423514910070265
2012-06-20,True,False,"(2, 1, 2, 2)",0.5023276013470446
2012-06-21,False,True,"(5, 1, 2, 2)",0.6725431223473848
2012-06-22,True,False,"(3, 1, 2, 2)",0.6709759652333322
2012-06-25,False,True,,
2012-06-26,True,False,"(5, 1, 2, 2)",0.667109892338418
2012-06-27,True,False,"(1, 1, 2, 2)",0.6942117363803081
2012-06-28,True,False,"(1, 1, 2, 2)",0.694223228963732
2012-06-29,True,False,"(1, 1, 2, 2)",0.44891585490884534
2012-07-02,True,False,"(1, 1, 2, 2)",0.29031012716272253
2012-07-03,True,False,"(1, 1, 2, 2)",0.2887589211577214
2012-07-05,True,False,"(2, 1, 2, 2)",0.4221661318761522
2012-07-06,False,True,"(2, 1, 2, 2)",0.3586131403721326
2012-07-09,False,True,"(1, 1, 2, 2)",0.3586131403721326
2012-07-10,False,True,,
2012-07-11,True,False,"(2, 1, 2, 2)",0.6552382638210515
2012-07-12,True,False,"(1, 1, 2, 2)",0.6310829529209357
2012-07-13,True,False,"(1, 1, 2, 2)",0.4005394958168548
2012-07-16,True,False,"(1, 1, 2, 2)",0.3534379382357016
2012-07-17,True,False,"(1, 1, 2, 2)",0.2770610773968036
2012-07-18,True,False,"(2, 1, 2, 2)",0.34951493096064085
2012-07-19,False,True,"(5, 1, 2, 2)",0.41618281190373635
2012-07-20,False,True,,
2012-07-23,False,True,,
2012-07-24,False,True,,
2012-07-25,False,True,,
2012-07-26,False,True,,
2012-07-27,False,True,"(1, 1, 2, 2)",0.3189093149429337
2012-07-30,False,True,"(1, 1, 2, 2)",0.2648903371084894
2012-07-31,False,True,"(2, 1, 2, 2)",0.26274446901294846
